time operation sell_price hold_day buy_price buy_date
20150107 sell 6.63 1 6.72 20150106
20150108 sell 6.49 2 6.72 20150106
20150109 sell 6.37 1 6.49 20150108
20150122 sell 6.8 1 6.56 20150121
20150123 sell 6.61 2 6.56 20150121
20150126 sell 7.06 1 6.61 20150123
20150127 sell 7.6 2 6.61 20150123
20150128 sell 7.5 1 7.6 20150127
20150129 sell 7.6 2 7.6 20150127
20150130 sell 7.46 1 7.6 20150129
20150202 sell 7.42 2 7.6 20150129
20150203 sell 7.64 1 7.42 20150202
20150204 sell 7.55 2 7.42 20150202
20150205 sell 7.5 1 7.55 20150204
20150206 sell 7.52 1 7.5 20150205
20150209 sell 7.52 2 7.5 20150205
20150210 sell 7.78 1 7.52 20150209
20150211 sell 8.06 2 7.52 20150209
20150212 sell 8.31 1 8.06 20150211
20150213 sell 8.29 1 8.31 20150212
20150216 sell 8.65 1 8.29 20150213
20150217 sell 8.88 2 8.29 20150213
20150225 sell 9.49 1 8.88 20150217
20150226 sell 9.33 1 9.49 20150225
20150227 sell 9.6 1 9.33 20150226
20150302 sell 10.04 2 9.33 20150226
20150303 sell 10.0 1 10.04 20150302
20150304 sell 9.93 1 10.0 20150303
20150306 sell 9.15 3 10.0 20150303
20150318 sell 10.35 1 9.66 20150317
20150319 sell 10.0 2 9.66 20150317
20150320 sell 9.9 1 10.0 20150319
20150323 sell 10.02 2 10.0 20150319
20150325 sell 9.8 2 10.02 20150323
20150331 sell 9.81 1 9.97 20150330
20150403 sell 11.67 1 11.14 20150402
20150407 sell 11.65 2 11.14 20150402
20150408 sell 11.21 1 11.65 20150407
20150409 sell 11.65 2 11.65 20150407
20150410 sell 12.63 1 11.65 20150409
20150413 sell 13.65 1 12.63 20150410
20150414 sell 13.58 1 13.65 20150413
20150415 sell 13.9 2 13.65 20150413
20150416 sell 13.88 1 13.9 20150415
20150417 sell 14.82 1 13.88 20150416
20150420 sell 14.6 1 14.82 20150417
20150421 sell 14.94 1 14.6 20150420
20150422 sell 14.88 2 14.6 20150420
20150423 sell 14.45 1 14.88 20150422
20150504 sell 16.15 1 15.99 20150430
20150505 sell 16.8 1 16.15 20150504
20150506 sell 17.22 2 16.15 20150504
20150507 sell 16.73 1 17.22 20150506
20150508 sell 18.18 2 17.22 20150506
20150511 sell 20.0 1 18.18 20150508
20150512 sell 20.65 2 18.18 20150508
20150513 sell 20.16 1 20.65 20150512
20150514 sell 20.19 1 20.16 20150513
20150515 sell 19.47 2 20.16 20150513
20150522 sell 19.69 1 19.33 20150521
20150525 sell 19.99 1 19.69 20150522
20150526 sell 21.99 2 19.69 20150522
20150527 sell 24.0 3 19.69 20150522
20150605 sell 24.55 1 24.0 20150528
20150911 sell 27.14 1 30.17 20150611
20150915 sell 21.99 3 30.17 20150611
20151027 sell 7.0 5 7.8 20151020
20151116 sell 6.82 2 7.0 20151112
20151125 sell 8.23 1 8.16 20151124
20160218 sell 4.7 1 4.62 20160217
20160219 sell 5.17 1 4.7 20160218
20160222 sell 5.2 1 5.17 20160219
20160223 sell 5.08 1 5.2 20160222
20160224 sell 5.59 1 5.08 20160223
20160225 sell 5.17 2 5.08 20160223
20160226 sell 5.45 1 5.17 20160225
20160311 sell 5.08 2 5.32 20160309
20160531 sell 4.94 1 4.78 20160530
20160601 sell 4.92 1 4.94 20160531
20160630 sell 4.81 1 4.77 20160629
20160701 sell 4.74 1 4.81 20160630
20160706 sell 4.81 1 4.84 20160705
20160707 sell 4.83 1 4.81 20160706
20160708 sell 4.8 1 4.83 20160707
20160713 sell 4.96 1 4.93 20160712
20160714 sell 4.92 2 4.93 20160712
20160725 sell 5.02 1 4.92 20160722
20160726 sell 5.15 1 5.02 20160725
20160805 sell 5.06 1 5.1 20160804
20160809 sell 5.42 1 5.2 20160808
20161014 sell 4.99 1 4.92 20161013
20161020 sell 4.93 1 4.93 20161019
20161027 sell 4.95 1 4.95 20161026
20161031 sell 4.87 2 4.95 20161027
20161111 sell 4.92 3 4.89 20161108
20161209 sell 5.12 1 5.18 20161208
20170109 sell 4.65 1 4.61 20170106
20170110 sell 4.65 1 4.65 20170109
20170206 sell 4.53 1 4.52 20170203
20170207 sell 4.49 1 4.53 20170206
20170221 sell 4.62 1 4.6 20170220
20170224 sell 4.59 1 4.6 20170223
20170411 sell 4.54 1 4.48 20170410
20170503 sell 4.61 1 4.64 20170502
20170518 sell 4.46 1 4.44 20170517
20170606 sell 4.66 1 4.63 20170605
20170607 sell 4.68 1 4.66 20170606
20170608 sell 4.67 1 4.68 20170607
20170615 sell 4.78 1 4.66 20170614
20170620 sell 4.7 1 4.72 20170619
20170705 sell 5.36 1 5.04 20170704
20170706 sell 5.4 1 5.36 20170705
20170727 sell 5.3 1 5.35 20170726
20170802 sell 5.81 1 5.7 20170801
20170809 sell 5.57 1 5.7 20170808
20170822 sell 5.7 1 5.8 20170821
20170823 sell 5.75 1 5.7 20170822
20170901 sell 6.06 1 5.99 20170831
20170904 sell 6.04 1 6.06 20170901
20170905 sell 6.18 1 6.04 20170904
20170908 sell 6.17 1 6.14 20170907
20170911 sell 6.11 1 6.17 20170908
20171030 sell 5.98 1 5.88 20171027
20171102 sell 5.92 1 6.06 20171101
20171108 sell 6.69 1 6.63 20171107
20180103 sell 6.22 1 6.12 20180102
20180104 sell 6.31 1 6.22 20180103
20180111 sell 6.64 1 6.35 20180110
20180126 sell 6.89 1 7.3 20180125
20180302 sell 5.91 4 6.04 20180226
20180308 sell 6.38 1 6.29 20180307
20180309 sell 6.31 1 6.38 20180308
20180312 sell 6.33 1 6.31 20180309
20180313 sell 6.32 1 6.33 20180312
20180320 sell 7.04 1 6.77 20180319
20180321 sell 6.81 1 7.04 20180320
20180322 sell 6.77 1 6.81 20180321
20180326 sell 6.48 2 6.77 20180322
20180409 sell 6.93 1 7.12 20180404
20180517 sell 6.09 1 6.13 20180516
20180521 sell 6.24 1 6.12 20180518
20180522 sell 6.2 1 6.24 20180521
20180918 sell 4.1 1 4.01 20180917
20180919 sell 4.1 1 4.1 20180918
20180920 sell 4.14 1 4.1 20180919
20180921 sell 4.2 1 4.14 20180920
20180925 sell 4.17 1 4.2 20180921
20180926 sell 4.18 1 4.17 20180925
20180927 sell 4.14 1 4.18 20180926
20181101 sell 3.55 1 3.58 20181031
20181102 sell 3.61 1 3.55 20181101
20181105 sell 3.59 1 3.61 20181102
20181106 sell 3.61 1 3.59 20181105
20181107 sell 3.63 1 3.61 20181106
20181108 sell 3.59 1 3.63 20181107
20181114 sell 3.88 1 3.92 20181113
20181115 sell 3.92 1 3.88 20181114
20181116 sell 3.98 1 3.92 20181115
20181119 sell 4.12 1 3.98 20181116
20181120 sell 3.95 1 4.12 20181119
20181205 sell 3.76 1 3.81 20181204
20181207 sell 3.67 2 3.76 20181205
20190108 sell 3.44 1 3.38 20190107
20190109 sell 3.5 1 3.44 20190108
20190110 sell 3.47 1 3.5 20190109
20190111 sell 3.49 1 3.47 20190110
20190114 sell 3.43 1 3.49 20190111
20190117 sell 3.47 1 3.46 20190116
20190118 sell 3.52 1 3.47 20190117
20190121 sell 3.55 1 3.52 20190118
20190123 sell 3.44 2 3.55 20190121
20190213 sell 3.68 1 3.53 20190212
20190214 sell 3.63 1 3.68 20190213
20190215 sell 3.58 1 3.63 20190214
20190218 sell 3.69 1 3.58 20190215
20190219 sell 3.83 1 3.69 20190218
20190220 sell 3.83 1 3.83 20190219
20190221 sell 3.72 1 3.83 20190220
20190226 sell 4.24 1 3.94 20190225
20190227 sell 4.36 1 4.24 20190226
20190228 sell 4.26 1 4.36 20190227
20190301 sell 4.32 1 4.26 20190228
20190304 sell 4.6 1 4.32 20190301
20190311 sell 4.68 2 4.91 20190307
20190322 sell 5.77 1 6.04 20190321
20190325 sell 5.63 1 5.77 20190322
