time high#close_EMA_20#0&close_EMA_20#close_EMA_50#1&3&cross&cross&times close_EMA_20#close_EMA_50#0&diff low#close_EMA_50#1&close_EMA_20#close_EMA_50#1&3&cross&cross&times high#close_EMA_20#1&close_EMA_20#close_EMA_50#0&1&cross&cross&times close_EMA_20#close_EMA_50#1&diff close_EMA_20#close_EMA_50#0&cross MACD#0#1&thre close_EMA_12#close_EMA_26#1&cross close_EMA_20#close_EMA_50#1&cross
20150106 1.0 1.0 1.0 1.0 0.0 0.0 1.0 0.0 0.0
20150107 1.0 1.0 1.0 1.0 0.0 0.0 1.0 0.0 0.0
20150108 1.0 1.0 1.0 1.0 0.0 0.0 1.0 0.0 0.0
20150109 1.0 1.0 1.0 1.0 0.0 0.0 1.0 0.0 0.0
20150112 1.0 1.0 1.0 1.0 0.0 0.0 1.0 0.0 0.0
20150113 1.0 1.0 1.0 1.0 0.0 0.0 1.0 0.0 0.0
20150114 1.0 1.0 1.0 1.0 0.0 0.0 1.0 0.0 0.0
20150115 1.0 1.0 1.0 1.0 0.0 0.0 1.0 0.0 0.0
20150116 1.0 1.0 1.0 1.0 0.0 0.0 1.0 0.0 0.0
20150119 0.0 0.0 0.0 0.0 0.0 0.0 0.0 0.0 0.0
20150120 0.0 0.0 0.0 0.0 0.0 0.0 0.0 0.0 0.0
20150121 0.0 0.0 0.0 0.0 0.0 0.0 0.0 0.0 0.0
20150122 0.0 0.0 0.0 0.0 0.0 0.0 0.0 0.0 0.0
20150123 0.0 0.0 0.0 0.0 0.0 0.0 0.0 0.0 0.0
20150126 0.0 0.0 0.0 0.0 0.0 0.0 0.0 0.0 0.0
20150127 1.0 1.0 1.0 1.0 0.0 0.0 1.0 1.0 0.0
20150128 1.0 1.0 1.0 1.0 0.0 0.0 1.0 1.0 0.0
20150129 1.0 1.0 1.0 1.0 0.0 0.0 1.0 1.0 0.0
20150130 0.0 0.0 0.0 1.0 1.0 0.0 1.0 1.0 1.0
20150202 0.0 0.0 0.0 1.0 1.0 0.0 1.0 1.0 1.0
20150203 0.0 0.0 0.0 1.0 1.0 0.0 1.0 1.0 1.0
20150204 0.0 0.0 0.0 1.0 1.0 0.0 1.0 1.0 1.0
20150205 0.0 0.0 0.0 1.0 1.0 0.0 1.0 1.0 1.0
20150206 0.0 0.0 0.0 1.0 1.0 0.0 1.0 1.0 1.0
20150209 0.0 0.0 0.0 1.0 1.0 0.0 1.0 1.0 1.0
20150210 0.0 0.0 0.0 1.0 1.0 0.0 1.0 1.0 1.0
20150211 0.0 0.0 0.0 1.0 1.0 0.0 1.0 1.0 1.0
20150212 0.0 0.0 0.0 1.0 1.0 0.0 1.0 1.0 1.0
20150213 0.0 0.0 0.0 1.0 1.0 0.0 1.0 1.0 1.0
20150216 0.0 0.0 0.0 1.0 1.0 0.0 1.0 1.0 1.0
20150217 0.0 0.0 0.0 1.0 1.0 0.0 1.0 1.0 1.0
20150225 0.0 0.0 0.0 1.0 1.0 0.0 1.0 1.0 1.0
20150226 0.0 0.0 0.0 1.0 1.0 0.0 1.0 1.0 1.0
20150227 0.0 0.0 0.0 1.0 1.0 0.0 1.0 1.0 1.0
20150302 0.0 0.0 0.0 1.0 1.0 0.0 1.0 1.0 1.0
20150303 0.0 0.0 0.0 1.0 1.0 0.0 1.0 0.0 1.0
20150304 0.0 0.0 0.0 1.0 1.0 0.0 1.0 0.0 1.0
20150305 0.0 0.0 0.0 1.0 1.0 0.0 1.0 0.0 1.0
20150306 1.0 0.0 1.0 1.0 1.0 0.0 1.0 0.0 0.0
20150309 1.0 0.0 1.0 1.0 1.0 0.0 1.0 0.0 0.0
20150310 1.0 0.0 1.0 1.0 1.0 0.0 0.0 0.0 0.0
20150311 1.0 0.0 1.0 1.0 1.0 0.0 0.0 0.0 0.0
20150312 1.0 0.0 1.0 1.0 1.0 0.0 0.0 0.0 0.0
20150313 1.0 0.0 1.0 1.0 1.0 0.0 0.0 0.0 0.0
20150316 1.0 0.0 1.0 1.0 1.0 0.0 1.0 0.0 0.0
20150317 1.0 0.0 1.0 1.0 1.0 0.0 1.0 0.0 0.0
20150318 1.0 0.0 1.0 1.0 1.0 0.0 0.0 0.0 0.0
20150319 1.0 0.0 1.0 1.0 1.0 0.0 0.0 0.0 0.0
20150320 1.0 0.0 1.0 1.0 1.0 0.0 1.0 0.0 0.0
20150323 1.0 0.0 1.0 1.0 1.0 0.0 1.0 0.0 0.0
20150324 1.0 0.0 1.0 1.0 1.0 0.0 0.0 0.0 0.0
20150325 1.0 0.0 1.0 1.0 1.0 0.0 0.0 0.0 0.0
20150326 1.0 0.0 1.0 1.0 1.0 0.0 0.0 0.0 0.0
20150327 1.0 0.0 1.0 1.0 1.0 0.0 0.0 0.0 0.0
20150330 1.0 0.0 1.0 1.0 1.0 0.0 0.0 0.0 0.0
20150331 1.0 0.0 1.0 1.0 1.0 0.0 0.0 0.0 0.0
20150401 1.0 0.0 1.0 1.0 1.0 0.0 0.0 0.0 0.0
20150402 1.0 0.0 1.0 1.0 1.0 0.0 1.0 0.0 0.0
20150403 1.0 0.0 1.0 1.0 1.0 0.0 1.0 0.0 0.0
20150407 0.0 0.0 0.0 0.0 0.0 0.0 0.0 0.0 0.0
20150408 0.0 0.0 0.0 0.0 0.0 0.0 0.0 0.0 0.0
20150409 0.0 0.0 0.0 0.0 0.0 0.0 0.0 0.0 0.0
20150410 0.0 0.0 0.0 0.0 0.0 0.0 0.0 0.0 0.0
20150413 0.0 0.0 0.0 0.0 0.0 0.0 0.0 0.0 0.0
20150414 0.0 0.0 0.0 0.0 0.0 0.0 0.0 0.0 0.0
20150415 0.0 0.0 0.0 0.0 0.0 0.0 0.0 0.0 0.0
20150416 0.0 0.0 0.0 0.0 0.0 0.0 0.0 0.0 0.0
20150417 0.0 0.0 0.0 0.0 0.0 0.0 0.0 0.0 0.0
20150420 0.0 0.0 0.0 0.0 0.0 0.0 0.0 0.0 0.0
20150421 0.0 0.0 0.0 0.0 0.0 0.0 0.0 0.0 0.0
20150422 0.0 0.0 0.0 0.0 0.0 0.0 0.0 0.0 0.0
20150423 0.0 0.0 0.0 0.0 0.0 0.0 0.0 0.0 0.0
20150424 0.0 0.0 0.0 0.0 0.0 0.0 0.0 0.0 0.0
20150427 0.0 0.0 0.0 0.0 0.0 0.0 0.0 0.0 0.0
20150428 0.0 0.0 0.0 0.0 0.0 0.0 0.0 0.0 0.0
20150429 0.0 0.0 0.0 0.0 0.0 0.0 0.0 0.0 0.0
20150430 0.0 0.0 0.0 0.0 0.0 0.0 0.0 0.0 0.0
20150504 0.0 0.0 0.0 0.0 0.0 0.0 0.0 0.0 0.0
20150505 0.0 0.0 0.0 0.0 0.0 0.0 0.0 0.0 0.0
20150506 0.0 0.0 0.0 0.0 0.0 0.0 0.0 0.0 0.0
20150507 0.0 0.0 0.0 0.0 0.0 0.0 0.0 0.0 0.0
20150508 0.0 0.0 0.0 0.0 0.0 0.0 0.0 0.0 0.0
20150511 0.0 0.0 0.0 0.0 0.0 0.0 0.0 0.0 0.0
20150512 0.0 0.0 0.0 0.0 0.0 0.0 0.0 0.0 0.0
20150513 0.0 0.0 0.0 0.0 0.0 0.0 0.0 0.0 0.0
20150514 0.0 0.0 0.0 0.0 0.0 0.0 0.0 0.0 0.0
20150515 0.0 0.0 0.0 0.0 0.0 0.0 0.0 0.0 0.0
20150518 0.0 0.0 0.0 0.0 0.0 0.0 0.0 0.0 0.0
20150519 0.0 0.0 0.0 0.0 0.0 0.0 0.0 0.0 0.0
20150520 0.0 0.0 0.0 0.0 0.0 0.0 0.0 0.0 0.0
20150521 0.0 0.0 0.0 0.0 0.0 0.0 0.0 0.0 0.0
20150522 0.0 0.0 0.0 0.0 0.0 0.0 0.0 0.0 0.0
20150525 0.0 0.0 0.0 0.0 0.0 0.0 0.0 0.0 0.0
20150526 0.0 0.0 0.0 0.0 0.0 0.0 0.0 0.0 0.0
20150527 0.0 0.0 0.0 0.0 0.0 0.0 0.0 0.0 0.0
20150528 0.0 0.0 0.0 0.0 0.0 0.0 0.0 0.0 0.0
20150529 0.0 0.0 0.0 0.0 0.0 0.0 0.0 0.0 0.0
20150601 0.0 0.0 0.0 0.0 0.0 0.0 0.0 0.0 0.0
20150602 0.0 0.0 0.0 0.0 0.0 0.0 0.0 0.0 0.0
20150603 0.0 0.0 0.0 0.0 0.0 0.0 0.0 0.0 0.0
20150604 0.0 0.0 0.0 0.0 0.0 0.0 0.0 0.0 0.0
20150605 0.0 0.0 0.0 0.0 0.0 0.0 0.0 0.0 0.0
20150608 1.0 0.0 1.0 1.0 1.0 0.0 1.0 0.0 0.0
20150609 1.0 0.0 1.0 1.0 1.0 0.0 1.0 0.0 0.0
20150610 1.0 0.0 1.0 1.0 1.0 0.0 1.0 0.0 0.0
20150611 1.0 0.0 1.0 1.0 1.0 0.0 1.0 0.0 0.0
20150612 0.0 0.0 0.0 0.0 0.0 0.0 0.0 0.0 0.0
20150615 1.0 0.0 1.0 1.0 1.0 0.0 1.0 0.0 0.0
20150616 1.0 0.0 1.0 1.0 1.0 0.0 1.0 0.0 0.0
20150617 1.0 0.0 1.0 1.0 1.0 0.0 1.0 0.0 0.0
20150618 1.0 0.0 1.0 1.0 1.0 0.0 1.0 0.0 0.0
20150619 1.0 0.0 1.0 1.0 1.0 0.0 1.0 0.0 0.0
20150623 1.0 0.0 1.0 1.0 1.0 0.0 1.0 0.0 0.0
20150624 1.0 0.0 1.0 1.0 1.0 0.0 1.0 0.0 0.0
20150625 0.0 0.0 1.0 1.0 1.0 0.0 1.0 0.0 0.0
20150626 0.0 0.0 0.0 1.0 1.0 0.0 0.0 0.0 0.0
20150629 0.0 0.0 0.0 1.0 1.0 0.0 0.0 0.0 0.0
20150630 0.0 0.0 0.0 1.0 1.0 0.0 0.0 0.0 0.0
20150701 0.0 0.0 0.0 1.0 1.0 0.0 0.0 0.0 0.0
20150702 0.0 0.0 0.0 1.0 1.0 0.0 0.0 0.0 0.0
20150703 1.0 0.0 0.0 1.0 1.0 0.0 0.0 0.0 0.0
20150706 1.0 0.0 0.0 1.0 1.0 0.0 0.0 0.0 0.0
20150707 1.0 0.0 0.0 1.0 1.0 0.0 0.0 0.0 0.0
20150708 0.0 0.0 0.0 1.0 1.0 0.0 0.0 0.0 0.0
20150709 0.0 0.0 0.0 1.0 1.0 0.0 0.0 0.0 0.0
20150710 0.0 0.0 0.0 1.0 1.0 0.0 0.0 0.0 0.0
20150713 0.0 0.0 0.0 1.0 1.0 0.0 0.0 0.0 0.0
20150714 0.0 0.0 0.0 1.0 1.0 0.0 0.0 0.0 0.0
20150715 0.0 0.0 0.0 1.0 1.0 0.0 0.0 0.0 0.0
20150716 0.0 0.0 0.0 1.0 1.0 0.0 0.0 0.0 0.0
20150717 0.0 0.0 1.0 1.0 1.0 0.0 0.0 0.0 0.0
20150720 0.0 0.0 1.0 1.0 1.0 0.0 0.0 0.0 0.0
20150721 0.0 0.0 1.0 1.0 1.0 0.0 1.0 0.0 0.0
20150722 0.0 0.0 1.0 1.0 1.0 0.0 1.0 0.0 0.0
20150723 0.0 0.0 1.0 1.0 1.0 0.0 1.0 0.0 0.0
20150724 0.0 0.0 1.0 1.0 1.0 0.0 1.0 0.0 0.0
20150727 0.0 0.0 1.0 1.0 1.0 0.0 1.0 0.0 0.0
20150728 0.0 0.0 1.0 1.0 1.0 0.0 0.0 0.0 0.0
20150729 0.0 0.0 1.0 1.0 1.0 0.0 0.0 0.0 0.0
20150730 0.0 0.0 1.0 1.0 1.0 0.0 0.0 0.0 0.0
20150731 0.0 0.0 1.0 1.0 1.0 0.0 0.0 0.0 0.0
20150803 0.0 0.0 1.0 1.0 1.0 0.0 0.0 0.0 0.0
20150804 0.0 0.0 1.0 1.0 1.0 0.0 0.0 0.0 0.0
20150805 0.0 1.0 1.0 0.0 0.0 1.0 0.0 0.0 0.0
20150806 0.0 1.0 1.0 0.0 0.0 1.0 0.0 0.0 0.0
20150807 0.0 1.0 1.0 0.0 0.0 1.0 0.0 0.0 0.0
20150810 0.0 1.0 1.0 1.0 0.0 1.0 1.0 0.0 0.0
20150811 0.0 0.0 0.0 1.0 1.0 1.0 1.0 0.0 1.0
20150812 0.0 0.0 0.0 1.0 1.0 1.0 1.0 0.0 1.0
20150813 0.0 0.0 0.0 1.0 1.0 1.0 1.0 0.0 1.0
20150814 0.0 0.0 0.0 1.0 1.0 1.0 1.0 1.0 1.0
20150817 0.0 0.0 0.0 1.0 1.0 1.0 1.0 1.0 1.0
20150818 0.0 0.0 0.0 1.0 1.0 1.0 1.0 1.0 1.0
20150819 0.0 0.0 0.0 1.0 1.0 1.0 1.0 1.0 1.0
20150820 0.0 1.0 0.0 0.0 0.0 1.0 0.0 1.0 1.0
20150821 0.0 1.0 0.0 0.0 0.0 1.0 0.0 1.0 1.0
20150824 0.0 1.0 0.0 0.0 0.0 1.0 0.0 1.0 1.0
20150825 0.0 1.0 0.0 0.0 0.0 1.0 0.0 1.0 1.0
20150826 0.0 1.0 0.0 0.0 0.0 1.0 0.0 1.0 1.0
20150827 0.0 1.0 0.0 0.0 0.0 1.0 0.0 1.0 1.0
20150828 0.0 1.0 0.0 0.0 0.0 1.0 0.0 1.0 1.0
20150831 0.0 1.0 0.0 0.0 0.0 1.0 0.0 1.0 1.0
20150901 0.0 1.0 0.0 0.0 0.0 1.0 0.0 1.0 1.0
20150902 0.0 1.0 0.0 0.0 0.0 1.0 0.0 1.0 1.0
20150907 0.0 1.0 0.0 0.0 0.0 1.0 0.0 1.0 1.0
20150908 0.0 1.0 0.0 0.0 0.0 1.0 0.0 1.0 1.0
20150909 0.0 1.0 0.0 0.0 0.0 1.0 0.0 1.0 1.0
20150910 1.0 1.0 1.0 0.0 0.0 1.0 0.0 1.0 0.0
20150911 1.0 1.0 1.0 0.0 0.0 1.0 0.0 1.0 0.0
20150914 1.0 1.0 1.0 0.0 0.0 1.0 0.0 1.0 0.0
20150915 1.0 1.0 1.0 0.0 0.0 1.0 0.0 0.0 0.0
20150916 1.0 1.0 1.0 0.0 0.0 1.0 0.0 0.0 0.0
20150917 1.0 1.0 1.0 0.0 0.0 1.0 0.0 0.0 0.0
20150918 1.0 1.0 1.0 0.0 0.0 1.0 0.0 0.0 0.0
20150921 1.0 1.0 1.0 1.0 0.0 0.0 1.0 0.0 0.0
20150922 1.0 1.0 1.0 1.0 0.0 0.0 1.0 0.0 0.0
20150923 1.0 1.0 1.0 1.0 0.0 0.0 1.0 0.0 0.0
20150924 1.0 1.0 1.0 1.0 0.0 0.0 1.0 0.0 0.0
20150925 1.0 1.0 1.0 1.0 0.0 0.0 1.0 0.0 0.0
20150928 1.0 1.0 1.0 1.0 0.0 0.0 1.0 0.0 0.0
20150929 1.0 1.0 1.0 1.0 0.0 0.0 1.0 0.0 0.0
20150930 1.0 1.0 1.0 1.0 0.0 0.0 1.0 0.0 0.0
20151008 1.0 1.0 1.0 1.0 0.0 0.0 1.0 0.0 0.0
20151009 1.0 1.0 1.0 1.0 0.0 0.0 1.0 0.0 0.0
20151012 1.0 1.0 1.0 1.0 0.0 0.0 1.0 0.0 0.0
20151013 1.0 1.0 1.0 1.0 0.0 0.0 1.0 0.0 0.0
20151014 1.0 1.0 1.0 1.0 0.0 0.0 1.0 0.0 0.0
20151015 1.0 1.0 1.0 1.0 0.0 0.0 1.0 0.0 0.0
20151016 1.0 1.0 1.0 1.0 0.0 0.0 1.0 0.0 0.0
20151019 1.0 1.0 1.0 1.0 0.0 0.0 1.0 0.0 0.0
20151020 1.0 1.0 1.0 1.0 0.0 0.0 1.0 1.0 0.0
20151021 1.0 1.0 1.0 1.0 0.0 0.0 1.0 1.0 0.0
20151022 1.0 1.0 1.0 1.0 0.0 0.0 1.0 1.0 0.0
20151023 1.0 1.0 1.0 1.0 0.0 0.0 1.0 1.0 0.0
20151026 1.0 1.0 1.0 1.0 0.0 0.0 1.0 1.0 0.0
20151027 1.0 1.0 1.0 1.0 0.0 0.0 1.0 1.0 0.0
20151028 1.0 1.0 1.0 1.0 0.0 0.0 1.0 1.0 0.0
20151029 1.0 1.0 1.0 1.0 0.0 0.0 1.0 1.0 0.0
20151030 1.0 1.0 1.0 1.0 0.0 0.0 1.0 1.0 0.0
20151102 1.0 1.0 1.0 1.0 0.0 0.0 1.0 1.0 0.0
20151103 1.0 1.0 1.0 1.0 0.0 0.0 1.0 1.0 0.0
20151104 1.0 1.0 1.0 1.0 0.0 0.0 1.0 1.0 0.0
20151105 1.0 1.0 1.0 1.0 0.0 0.0 1.0 1.0 0.0
20151106 1.0 1.0 1.0 1.0 0.0 0.0 1.0 1.0 0.0
20151109 1.0 1.0 1.0 1.0 0.0 0.0 1.0 1.0 0.0
20151110 0.0 0.0 0.0 1.0 1.0 0.0 1.0 1.0 1.0
20151111 0.0 0.0 0.0 1.0 1.0 0.0 1.0 1.0 1.0
20151112 0.0 0.0 0.0 1.0 1.0 0.0 1.0 1.0 1.0
20151113 0.0 0.0 0.0 1.0 1.0 0.0 1.0 1.0 1.0
20151116 0.0 0.0 0.0 1.0 1.0 0.0 1.0 1.0 1.0
20151117 0.0 0.0 0.0 1.0 1.0 0.0 1.0 0.0 1.0
20151118 0.0 0.0 0.0 1.0 1.0 0.0 0.0 0.0 1.0
20151119 0.0 0.0 0.0 1.0 1.0 0.0 0.0 0.0 1.0
20151120 0.0 0.0 0.0 1.0 1.0 0.0 0.0 0.0 1.0
20151123 0.0 0.0 0.0 1.0 1.0 0.0 1.0 0.0 1.0
20151124 0.0 0.0 0.0 1.0 1.0 0.0 1.0 0.0 1.0
20151125 0.0 0.0 0.0 1.0 1.0 0.0 1.0 0.0 1.0
20151126 0.0 0.0 0.0 1.0 1.0 0.0 1.0 0.0 1.0
20151127 0.0 0.0 0.0 1.0 1.0 0.0 1.0 0.0 1.0
20151130 0.0 0.0 0.0 1.0 1.0 0.0 1.0 0.0 1.0
20151201 0.0 0.0 0.0 1.0 1.0 0.0 1.0 0.0 1.0
20151202 0.0 0.0 0.0 1.0 1.0 0.0 1.0 0.0 1.0
20151203 0.0 0.0 0.0 1.0 1.0 0.0 1.0 0.0 1.0
20151204 0.0 0.0 0.0 1.0 1.0 0.0 1.0 0.0 1.0
20151207 0.0 0.0 0.0 1.0 1.0 0.0 1.0 0.0 1.0
20151208 0.0 0.0 1.0 1.0 1.0 0.0 0.0 0.0 0.0
20151209 0.0 0.0 1.0 1.0 1.0 0.0 0.0 0.0 0.0
20151210 0.0 0.0 1.0 1.0 1.0 0.0 0.0 0.0 0.0
20151211 0.0 0.0 1.0 1.0 1.0 0.0 0.0 0.0 0.0
20151214 0.0 0.0 1.0 1.0 1.0 0.0 0.0 0.0 0.0
20151215 0.0 0.0 1.0 1.0 1.0 0.0 0.0 0.0 0.0
20151216 0.0 0.0 1.0 1.0 1.0 0.0 0.0 0.0 0.0
20151217 0.0 0.0 1.0 1.0 1.0 0.0 1.0 0.0 0.0
20151218 0.0 0.0 1.0 1.0 1.0 0.0 1.0 0.0 0.0
20151221 0.0 0.0 1.0 1.0 1.0 0.0 0.0 0.0 0.0
20151222 0.0 0.0 1.0 1.0 1.0 0.0 1.0 0.0 0.0
20151223 0.0 0.0 1.0 1.0 1.0 0.0 1.0 0.0 0.0
20151224 0.0 0.0 1.0 1.0 1.0 0.0 1.0 0.0 0.0
20151225 0.0 0.0 1.0 1.0 1.0 0.0 1.0 0.0 0.0
20151228 0.0 0.0 1.0 1.0 1.0 0.0 1.0 0.0 0.0
20151229 0.0 0.0 1.0 1.0 1.0 0.0 1.0 0.0 0.0
20151230 0.0 0.0 1.0 1.0 1.0 0.0 1.0 0.0 0.0
20151231 0.0 0.0 1.0 1.0 1.0 0.0 0.0 0.0 0.0
20160104 0.0 0.0 1.0 1.0 1.0 0.0 0.0 0.0 0.0
20160105 0.0 0.0 1.0 1.0 1.0 0.0 0.0 0.0 0.0
20160106 0.0 0.0 1.0 1.0 1.0 0.0 0.0 0.0 0.0
20160107 0.0 0.0 0.0 1.0 1.0 0.0 0.0 0.0 0.0
20160108 0.0 0.0 0.0 1.0 1.0 0.0 0.0 0.0 0.0
20160111 0.0 0.0 0.0 1.0 1.0 0.0 0.0 0.0 0.0
20160112 0.0 0.0 0.0 1.0 1.0 0.0 0.0 0.0 0.0
20160113 0.0 0.0 0.0 1.0 1.0 0.0 0.0 0.0 0.0
20160114 1.0 0.0 0.0 1.0 1.0 0.0 0.0 0.0 0.0
20160115 0.0 0.0 0.0 1.0 1.0 0.0 0.0 0.0 0.0
20160118 0.0 0.0 0.0 1.0 1.0 0.0 0.0 0.0 0.0
20160119 0.0 0.0 0.0 1.0 1.0 0.0 0.0 0.0 0.0
20160120 0.0 0.0 0.0 1.0 1.0 0.0 0.0 0.0 0.0
20160121 0.0 0.0 0.0 1.0 1.0 0.0 0.0 0.0 0.0
20160122 0.0 0.0 0.0 1.0 1.0 0.0 0.0 0.0 0.0
20160125 0.0 0.0 0.0 1.0 1.0 0.0 0.0 0.0 0.0
20160126 0.0 0.0 0.0 1.0 1.0 0.0 0.0 0.0 0.0
20160127 0.0 0.0 0.0 1.0 1.0 0.0 1.0 0.0 0.0
20160128 0.0 0.0 1.0 1.0 1.0 0.0 1.0 0.0 0.0
20160129 0.0 0.0 1.0 1.0 1.0 0.0 1.0 1.0 0.0
20160201 0.0 0.0 1.0 1.0 1.0 0.0 1.0 1.0 0.0
20160202 0.0 0.0 1.0 1.0 1.0 0.0 1.0 1.0 0.0
20160203 0.0 0.0 1.0 1.0 1.0 0.0 1.0 1.0 0.0
20160204 0.0 0.0 1.0 1.0 1.0 0.0 1.0 1.0 0.0
20160205 0.0 0.0 1.0 1.0 1.0 0.0 1.0 1.0 0.0
20160215 0.0 0.0 1.0 1.0 1.0 0.0 1.0 1.0 0.0
20160216 0.0 0.0 1.0 1.0 1.0 0.0 1.0 1.0 0.0
20160217 0.0 0.0 1.0 1.0 1.0 0.0 1.0 1.0 0.0
20160218 0.0 0.0 1.0 1.0 1.0 0.0 1.0 1.0 0.0
20160219 0.0 0.0 1.0 1.0 1.0 0.0 1.0 1.0 0.0
20160222 0.0 0.0 1.0 1.0 1.0 0.0 1.0 1.0 0.0
20160223 0.0 0.0 1.0 1.0 1.0 0.0 1.0 1.0 0.0
20160224 0.0 0.0 1.0 1.0 1.0 0.0 1.0 1.0 0.0
20160225 0.0 0.0 1.0 1.0 1.0 0.0 1.0 1.0 0.0
20160226 0.0 0.0 1.0 1.0 1.0 0.0 1.0 1.0 0.0
20160229 1.0 0.0 1.0 1.0 1.0 0.0 0.0 1.0 0.0
20160301 1.0 0.0 1.0 1.0 1.0 0.0 0.0 1.0 0.0
20160302 1.0 0.0 1.0 1.0 1.0 0.0 0.0 1.0 0.0
20160303 1.0 0.0 1.0 1.0 1.0 0.0 0.0 1.0 0.0
20160304 1.0 0.0 1.0 1.0 1.0 0.0 0.0 0.0 0.0
20160307 1.0 0.0 1.0 1.0 1.0 0.0 0.0 0.0 0.0
20160308 1.0 0.0 1.0 1.0 1.0 0.0 0.0 0.0 0.0
20160309 1.0 0.0 1.0 1.0 1.0 0.0 0.0 0.0 0.0
20160310 1.0 0.0 1.0 1.0 1.0 0.0 0.0 0.0 0.0
20160311 1.0 0.0 1.0 1.0 1.0 0.0 0.0 0.0 0.0
20160314 1.0 0.0 1.0 1.0 1.0 0.0 1.0 0.0 0.0
20160315 1.0 0.0 1.0 1.0 1.0 0.0 1.0 0.0 0.0
20160316 1.0 0.0 1.0 1.0 1.0 0.0 1.0 0.0 0.0
20160317 1.0 0.0 1.0 1.0 1.0 0.0 1.0 0.0 0.0
20160318 1.0 0.0 1.0 1.0 1.0 0.0 1.0 0.0 0.0
20160321 1.0 0.0 1.0 1.0 1.0 0.0 1.0 0.0 0.0
20160322 1.0 0.0 1.0 1.0 1.0 0.0 1.0 0.0 0.0
20160323 1.0 0.0 1.0 1.0 1.0 0.0 1.0 0.0 0.0
20160324 1.0 0.0 1.0 1.0 1.0 0.0 1.0 0.0 0.0
20160325 1.0 0.0 1.0 1.0 1.0 0.0 1.0 0.0 0.0
20160328 1.0 0.0 1.0 1.0 1.0 0.0 1.0 0.0 0.0
20160329 1.0 0.0 1.0 1.0 1.0 0.0 1.0 0.0 0.0
20160330 1.0 0.0 1.0 1.0 1.0 0.0 1.0 0.0 0.0
20160331 1.0 0.0 1.0 1.0 1.0 0.0 1.0 0.0 0.0
20160401 1.0 0.0 1.0 1.0 1.0 0.0 1.0 0.0 0.0
20160405 1.0 0.0 1.0 1.0 1.0 0.0 1.0 0.0 0.0
20160406 1.0 0.0 1.0 1.0 1.0 0.0 1.0 0.0 0.0
20160407 1.0 0.0 1.0 1.0 1.0 0.0 1.0 0.0 0.0
20160408 1.0 0.0 1.0 1.0 1.0 0.0 1.0 0.0 0.0
20160411 1.0 0.0 1.0 1.0 1.0 0.0 1.0 0.0 0.0
20160412 1.0 0.0 1.0 1.0 1.0 0.0 0.0 0.0 0.0
20160413 1.0 0.0 1.0 1.0 1.0 0.0 0.0 0.0 0.0
20160414 1.0 0.0 1.0 1.0 1.0 0.0 0.0 0.0 0.0
20160415 1.0 0.0 1.0 1.0 1.0 0.0 0.0 0.0 0.0
20160418 1.0 0.0 1.0 1.0 1.0 0.0 0.0 0.0 0.0
20160419 1.0 0.0 1.0 1.0 1.0 0.0 0.0 0.0 0.0
20160420 1.0 0.0 1.0 1.0 1.0 0.0 0.0 0.0 0.0
20160421 1.0 0.0 1.0 1.0 1.0 0.0 0.0 0.0 0.0
20160422 1.0 0.0 1.0 1.0 1.0 0.0 0.0 0.0 0.0
20160425 1.0 0.0 1.0 1.0 1.0 0.0 0.0 0.0 0.0
20160426 1.0 0.0 1.0 1.0 1.0 0.0 0.0 0.0 0.0
20160427 1.0 0.0 1.0 1.0 1.0 0.0 0.0 0.0 0.0
20160428 1.0 1.0 1.0 0.0 0.0 1.0 0.0 0.0 0.0
20160429 1.0 1.0 1.0 0.0 0.0 1.0 0.0 0.0 0.0
20160503 1.0 1.0 1.0 0.0 0.0 1.0 0.0 0.0 0.0
20160504 1.0 1.0 1.0 0.0 0.0 1.0 0.0 0.0 0.0
20160505 1.0 1.0 1.0 0.0 0.0 1.0 0.0 0.0 0.0
20160506 1.0 1.0 1.0 0.0 0.0 1.0 0.0 0.0 0.0
20160509 1.0 1.0 1.0 0.0 0.0 1.0 0.0 0.0 0.0
20160510 1.0 1.0 1.0 0.0 0.0 1.0 0.0 0.0 0.0
20160511 1.0 1.0 1.0 0.0 0.0 1.0 0.0 0.0 0.0
20160512 1.0 1.0 1.0 0.0 0.0 1.0 0.0 0.0 0.0
20160513 1.0 1.0 1.0 0.0 0.0 1.0 0.0 0.0 0.0
20160516 1.0 1.0 1.0 0.0 0.0 1.0 0.0 0.0 0.0
20160517 1.0 1.0 1.0 0.0 0.0 1.0 0.0 0.0 0.0
20160518 1.0 1.0 1.0 0.0 0.0 1.0 1.0 0.0 0.0
20160519 1.0 1.0 1.0 0.0 0.0 1.0 1.0 0.0 0.0
20160520 1.0 1.0 1.0 0.0 0.0 1.0 1.0 0.0 0.0
20160523 1.0 1.0 1.0 0.0 0.0 1.0 1.0 0.0 0.0
20160524 1.0 1.0 1.0 0.0 0.0 1.0 1.0 0.0 0.0
20160525 1.0 1.0 1.0 0.0 0.0 1.0 1.0 0.0 0.0
20160526 1.0 1.0 1.0 0.0 0.0 1.0 1.0 0.0 0.0
20160527 1.0 1.0 1.0 1.0 0.0 0.0 1.0 0.0 0.0
20160530 1.0 1.0 1.0 1.0 0.0 0.0 1.0 0.0 0.0
20160531 1.0 1.0 1.0 1.0 0.0 0.0 1.0 0.0 0.0
20160601 1.0 1.0 1.0 1.0 0.0 0.0 1.0 0.0 0.0
20160602 1.0 1.0 1.0 1.0 0.0 0.0 1.0 0.0 0.0
20160603 1.0 1.0 1.0 1.0 0.0 0.0 1.0 0.0 0.0
20160606 1.0 1.0 1.0 1.0 0.0 0.0 1.0 0.0 0.0
20160607 1.0 1.0 1.0 1.0 0.0 0.0 1.0 0.0 0.0
20160608 1.0 1.0 0.0 1.0 0.0 0.0 1.0 0.0 0.0
20160613 1.0 1.0 0.0 1.0 0.0 0.0 1.0 0.0 0.0
20160614 0.0 1.0 0.0 1.0 0.0 0.0 1.0 0.0 0.0
20160615 0.0 1.0 0.0 1.0 0.0 0.0 1.0 0.0 0.0
20160616 0.0 1.0 0.0 1.0 0.0 0.0 1.0 0.0 0.0
20160617 1.0 1.0 0.0 1.0 0.0 0.0 1.0 0.0 0.0
20160620 1.0 1.0 0.0 1.0 0.0 0.0 1.0 0.0 0.0
20160621 1.0 1.0 0.0 1.0 0.0 0.0 1.0 0.0 0.0
20160622 1.0 1.0 0.0 1.0 0.0 0.0 1.0 0.0 0.0
20160623 1.0 1.0 0.0 1.0 0.0 0.0 1.0 0.0 0.0
20160624 1.0 1.0 0.0 1.0 0.0 0.0 1.0 0.0 0.0
20160627 1.0 1.0 0.0 1.0 0.0 0.0 1.0 0.0 0.0
20160628 1.0 1.0 0.0 1.0 0.0 0.0 1.0 0.0 0.0
20160629 1.0 1.0 0.0 1.0 0.0 0.0 1.0 0.0 0.0
20160630 1.0 1.0 0.0 1.0 0.0 0.0 1.0 0.0 0.0
20160701 1.0 1.0 0.0 1.0 0.0 0.0 1.0 0.0 0.0
20160704 1.0 1.0 0.0 1.0 0.0 0.0 1.0 0.0 0.0
20160705 1.0 1.0 0.0 1.0 0.0 0.0 1.0 0.0 0.0
20160706 1.0 1.0 0.0 1.0 0.0 0.0 1.0 0.0 0.0
20160707 1.0 1.0 0.0 1.0 0.0 0.0 1.0 0.0 0.0
20160708 1.0 1.0 0.0 1.0 0.0 0.0 1.0 0.0 0.0
20160711 1.0 1.0 0.0 1.0 0.0 0.0 1.0 0.0 0.0
20160712 1.0 1.0 0.0 1.0 0.0 0.0 1.0 0.0 0.0
20160713 1.0 1.0 0.0 1.0 0.0 0.0 1.0 0.0 0.0
20160714 1.0 1.0 0.0 1.0 0.0 0.0 1.0 0.0 0.0
20160715 1.0 1.0 0.0 1.0 0.0 0.0 1.0 0.0 0.0
20160718 1.0 1.0 0.0 1.0 0.0 0.0 1.0 1.0 0.0
20160719 1.0 1.0 0.0 1.0 0.0 0.0 1.0 1.0 0.0
20160720 1.0 1.0 0.0 1.0 0.0 0.0 1.0 1.0 0.0
20160721 1.0 1.0 0.0 1.0 0.0 0.0 1.0 1.0 0.0
20160722 1.0 1.0 0.0 1.0 0.0 0.0 1.0 1.0 0.0
20160725 1.0 1.0 0.0 1.0 0.0 0.0 1.0 1.0 0.0
20160726 1.0 1.0 0.0 1.0 0.0 0.0 1.0 1.0 0.0
20160727 1.0 1.0 0.0 1.0 0.0 0.0 1.0 1.0 0.0
20160728 1.0 1.0 0.0 1.0 0.0 0.0 0.0 1.0 0.0
20160729 1.0 1.0 0.0 1.0 0.0 0.0 0.0 1.0 0.0
20160801 1.0 1.0 0.0 1.0 0.0 0.0 0.0 1.0 0.0
20160802 1.0 1.0 0.0 1.0 0.0 0.0 0.0 1.0 0.0
20160803 1.0 1.0 0.0 1.0 0.0 0.0 0.0 1.0 0.0
20160804 1.0 1.0 0.0 1.0 0.0 0.0 1.0 1.0 0.0
20160805 1.0 1.0 0.0 1.0 0.0 0.0 0.0 1.0 0.0
20160808 1.0 1.0 0.0 1.0 0.0 0.0 0.0 1.0 0.0
20160809 1.0 1.0 0.0 1.0 0.0 0.0 0.0 1.0 0.0
20160810 1.0 1.0 0.0 1.0 0.0 0.0 1.0 1.0 0.0
20160811 1.0 1.0 0.0 1.0 0.0 0.0 0.0 1.0 0.0
20160812 1.0 1.0 0.0 1.0 0.0 0.0 0.0 1.0 0.0
20160815 1.0 1.0 0.0 1.0 0.0 0.0 1.0 0.0 0.0
20160816 1.0 1.0 0.0 1.0 0.0 0.0 1.0 0.0 0.0
20160817 1.0 1.0 0.0 1.0 0.0 0.0 1.0 0.0 0.0
20160818 1.0 1.0 0.0 1.0 0.0 0.0 1.0 1.0 0.0
20160819 1.0 1.0 0.0 1.0 0.0 0.0 1.0 1.0 0.0
20160822 1.0 1.0 0.0 1.0 0.0 0.0 1.0 1.0 0.0
20160823 1.0 1.0 0.0 1.0 0.0 0.0 1.0 1.0 0.0
20160824 1.0 1.0 0.0 1.0 0.0 0.0 1.0 1.0 0.0
20160825 1.0 1.0 0.0 1.0 0.0 0.0 0.0 1.0 0.0
20160826 1.0 1.0 0.0 1.0 0.0 0.0 0.0 1.0 0.0
20160829 1.0 1.0 0.0 1.0 0.0 0.0 0.0 1.0 0.0
20160830 1.0 1.0 0.0 1.0 0.0 0.0 0.0 1.0 0.0
20160831 1.0 1.0 0.0 1.0 0.0 0.0 0.0 1.0 0.0
20160901 1.0 1.0 0.0 1.0 0.0 0.0 0.0 1.0 0.0
20160902 1.0 1.0 0.0 1.0 0.0 0.0 0.0 1.0 0.0
20160905 1.0 1.0 0.0 1.0 0.0 0.0 0.0 1.0 0.0
20160906 1.0 1.0 0.0 1.0 0.0 0.0 1.0 1.0 0.0
20160907 1.0 1.0 0.0 1.0 0.0 0.0 1.0 1.0 0.0
20160908 1.0 1.0 0.0 1.0 0.0 0.0 1.0 1.0 0.0
20160909 1.0 1.0 0.0 1.0 0.0 0.0 1.0 1.0 0.0
20160912 1.0 1.0 0.0 1.0 0.0 0.0 1.0 1.0 0.0
20160913 1.0 1.0 0.0 1.0 0.0 0.0 1.0 1.0 0.0
20160914 1.0 1.0 0.0 1.0 0.0 0.0 1.0 1.0 0.0
20160919 1.0 1.0 0.0 1.0 0.0 0.0 1.0 1.0 0.0
20160920 1.0 1.0 0.0 1.0 0.0 0.0 1.0 1.0 0.0
20160921 1.0 1.0 0.0 1.0 0.0 0.0 1.0 1.0 0.0
20160922 1.0 1.0 0.0 1.0 0.0 0.0 1.0 1.0 0.0
20160923 1.0 1.0 0.0 1.0 0.0 0.0 1.0 1.0 0.0
20160926 1.0 1.0 0.0 1.0 0.0 0.0 0.0 1.0 0.0
20160927 1.0 1.0 0.0 1.0 0.0 0.0 0.0 1.0 0.0
20160928 1.0 1.0 0.0 1.0 0.0 0.0 0.0 1.0 0.0
20160929 1.0 1.0 0.0 1.0 0.0 0.0 0.0 1.0 0.0
20160930 1.0 1.0 0.0 1.0 0.0 0.0 0.0 1.0 0.0
20161010 1.0 1.0 0.0 1.0 0.0 0.0 0.0 1.0 0.0
20161011 1.0 1.0 0.0 1.0 0.0 0.0 0.0 1.0 0.0
20161012 1.0 1.0 0.0 1.0 0.0 0.0 0.0 1.0 0.0
20161013 1.0 1.0 0.0 1.0 0.0 0.0 0.0 1.0 0.0
20161014 1.0 1.0 0.0 1.0 0.0 0.0 0.0 1.0 0.0
20161017 1.0 1.0 0.0 1.0 0.0 0.0 0.0 1.0 0.0
20161018 1.0 1.0 0.0 1.0 0.0 0.0 0.0 0.0 0.0
20161019 1.0 1.0 0.0 1.0 0.0 0.0 0.0 0.0 0.0
20161020 1.0 1.0 0.0 1.0 0.0 0.0 0.0 0.0 0.0
20161021 1.0 1.0 0.0 1.0 0.0 0.0 0.0 0.0 0.0
20161024 1.0 1.0 0.0 1.0 0.0 0.0 1.0 0.0 0.0
20161025 1.0 1.0 0.0 1.0 0.0 0.0 1.0 0.0 0.0
20161026 1.0 1.0 0.0 1.0 0.0 0.0 1.0 0.0 0.0
20161027 1.0 1.0 0.0 1.0 0.0 0.0 1.0 0.0 0.0
20161028 1.0 1.0 0.0 1.0 0.0 0.0 1.0 0.0 0.0
20161031 1.0 1.0 0.0 1.0 0.0 0.0 1.0 0.0 0.0
20161101 1.0 1.0 0.0 1.0 0.0 0.0 1.0 0.0 0.0
20161102 1.0 1.0 0.0 1.0 0.0 0.0 1.0 0.0 0.0
20161103 1.0 1.0 0.0 1.0 0.0 0.0 1.0 0.0 0.0
20161104 1.0 1.0 0.0 1.0 0.0 0.0 1.0 0.0 0.0
20161107 1.0 1.0 0.0 1.0 0.0 0.0 1.0 0.0 0.0
20161108 1.0 1.0 0.0 1.0 0.0 0.0 1.0 0.0 0.0
20161109 1.0 1.0 0.0 1.0 0.0 0.0 0.0 0.0 0.0
20161110 1.0 1.0 0.0 1.0 0.0 0.0 0.0 0.0 0.0
20161111 1.0 1.0 0.0 1.0 0.0 0.0 0.0 0.0 0.0
20161114 1.0 1.0 0.0 1.0 0.0 0.0 0.0 0.0 0.0
20161115 1.0 1.0 0.0 1.0 0.0 0.0 0.0 0.0 0.0
20161116 1.0 1.0 0.0 1.0 0.0 0.0 0.0 0.0 0.0
20161117 1.0 1.0 0.0 1.0 0.0 0.0 0.0 0.0 0.0
20161118 1.0 1.0 0.0 1.0 0.0 0.0 0.0 0.0 0.0
20161121 1.0 1.0 0.0 1.0 0.0 0.0 0.0 0.0 0.0
20161122 1.0 1.0 0.0 1.0 0.0 0.0 0.0 0.0 0.0
20161123 1.0 1.0 0.0 1.0 0.0 0.0 0.0 0.0 0.0
20161124 1.0 1.0 0.0 1.0 0.0 0.0 0.0 0.0 0.0
20161125 1.0 1.0 0.0 1.0 0.0 0.0 0.0 0.0 0.0
20161128 1.0 1.0 0.0 1.0 0.0 0.0 0.0 0.0 0.0
20161129 1.0 1.0 0.0 1.0 0.0 0.0 0.0 0.0 0.0
20161130 1.0 1.0 0.0 1.0 0.0 0.0 0.0 0.0 0.0
20161201 1.0 1.0 0.0 1.0 0.0 0.0 0.0 0.0 0.0
20161202 1.0 1.0 0.0 1.0 0.0 0.0 0.0 0.0 0.0
20161205 1.0 1.0 0.0 1.0 0.0 0.0 0.0 0.0 0.0
20161206 1.0 1.0 0.0 1.0 0.0 0.0 1.0 0.0 0.0
20161207 1.0 1.0 0.0 1.0 0.0 0.0 1.0 0.0 0.0
20161208 1.0 1.0 0.0 1.0 0.0 0.0 1.0 0.0 0.0
20161209 1.0 1.0 0.0 1.0 0.0 0.0 1.0 0.0 0.0
20161212 1.0 1.0 0.0 1.0 0.0 0.0 0.0 0.0 0.0
20161213 1.0 1.0 0.0 1.0 0.0 0.0 0.0 0.0 0.0
20161214 1.0 1.0 0.0 1.0 0.0 0.0 0.0 0.0 0.0
20161215 1.0 1.0 0.0 1.0 0.0 0.0 0.0 0.0 0.0
20161216 1.0 1.0 0.0 1.0 0.0 0.0 0.0 0.0 0.0
20161219 1.0 1.0 0.0 1.0 0.0 0.0 0.0 0.0 0.0
20161220 1.0 1.0 0.0 1.0 0.0 0.0 0.0 0.0 0.0
20161221 1.0 1.0 0.0 1.0 0.0 0.0 0.0 0.0 0.0
20161222 1.0 1.0 0.0 1.0 0.0 0.0 0.0 0.0 0.0
20161223 1.0 1.0 0.0 1.0 0.0 0.0 0.0 0.0 0.0
20161226 1.0 1.0 0.0 1.0 0.0 0.0 0.0 0.0 0.0
20161227 1.0 1.0 0.0 1.0 0.0 0.0 0.0 0.0 0.0
20161228 1.0 1.0 0.0 1.0 0.0 0.0 0.0 0.0 0.0
20161229 1.0 1.0 0.0 1.0 0.0 0.0 0.0 0.0 0.0
20161230 1.0 1.0 0.0 1.0 0.0 0.0 0.0 0.0 0.0
20170103 1.0 1.0 0.0 1.0 0.0 0.0 1.0 0.0 0.0
20170104 1.0 1.0 0.0 1.0 0.0 0.0 1.0 0.0 0.0
20170105 1.0 1.0 0.0 1.0 0.0 0.0 1.0 0.0 0.0
20170106 1.0 1.0 0.0 1.0 0.0 0.0 1.0 0.0 0.0
20170109 1.0 1.0 0.0 1.0 0.0 0.0 1.0 0.0 0.0
20170110 1.0 1.0 0.0 1.0 0.0 0.0 1.0 0.0 0.0
20170111 1.0 1.0 0.0 1.0 0.0 0.0 1.0 0.0 0.0
20170112 1.0 1.0 0.0 1.0 0.0 0.0 1.0 0.0 0.0
20170113 1.0 1.0 0.0 1.0 0.0 0.0 1.0 0.0 0.0
20170116 1.0 1.0 0.0 1.0 0.0 0.0 1.0 0.0 0.0
20170117 1.0 1.0 0.0 1.0 0.0 0.0 1.0 0.0 0.0
20170118 1.0 1.0 0.0 1.0 0.0 0.0 0.0 0.0 0.0
20170119 1.0 1.0 0.0 1.0 0.0 0.0 0.0 0.0 0.0
20170120 1.0 1.0 0.0 1.0 0.0 0.0 0.0 0.0 0.0
20170123 1.0 1.0 0.0 1.0 0.0 0.0 1.0 0.0 0.0
20170124 1.0 1.0 0.0 1.0 0.0 0.0 1.0 0.0 0.0
20170125 1.0 1.0 0.0 1.0 0.0 0.0 1.0 0.0 0.0
20170126 1.0 1.0 0.0 1.0 0.0 0.0 1.0 1.0 0.0
20170203 1.0 1.0 0.0 1.0 0.0 0.0 1.0 1.0 0.0
20170206 1.0 1.0 0.0 1.0 0.0 0.0 1.0 1.0 0.0
20170207 1.0 1.0 0.0 1.0 0.0 0.0 1.0 1.0 0.0
20170208 1.0 1.0 0.0 1.0 0.0 0.0 1.0 1.0 0.0
20170209 1.0 1.0 0.0 1.0 0.0 0.0 1.0 1.0 0.0
20170210 0.0 0.0 0.0 1.0 1.0 0.0 1.0 1.0 1.0
20170213 0.0 0.0 0.0 1.0 1.0 0.0 1.0 1.0 1.0
20170214 0.0 0.0 0.0 1.0 1.0 0.0 1.0 1.0 1.0
20170215 0.0 0.0 0.0 1.0 1.0 0.0 1.0 1.0 1.0
20170216 0.0 0.0 0.0 1.0 1.0 0.0 1.0 1.0 1.0
20170217 0.0 0.0 0.0 1.0 1.0 0.0 1.0 1.0 1.0
20170220 0.0 0.0 0.0 1.0 1.0 0.0 1.0 1.0 1.0
20170221 0.0 0.0 0.0 1.0 1.0 0.0 1.0 1.0 1.0
20170222 0.0 0.0 0.0 1.0 1.0 0.0 1.0 1.0 1.0
20170223 0.0 0.0 0.0 1.0 1.0 0.0 1.0 1.0 1.0
20170224 0.0 0.0 0.0 1.0 1.0 0.0 1.0 1.0 1.0
20170227 0.0 0.0 0.0 1.0 1.0 0.0 1.0 1.0 1.0
20170228 0.0 0.0 0.0 1.0 1.0 0.0 1.0 1.0 1.0
20170301 0.0 0.0 0.0 1.0 1.0 0.0 1.0 1.0 1.0
20170302 0.0 0.0 0.0 1.0 1.0 0.0 1.0 0.0 1.0
20170303 0.0 0.0 0.0 1.0 1.0 0.0 1.0 0.0 1.0
20170306 0.0 0.0 0.0 1.0 1.0 0.0 1.0 0.0 1.0
20170307 0.0 0.0 0.0 1.0 1.0 0.0 1.0 0.0 1.0
20170308 0.0 0.0 0.0 1.0 1.0 0.0 1.0 0.0 1.0
20170309 0.0 0.0 0.0 1.0 1.0 0.0 1.0 0.0 1.0
20170310 1.0 0.0 0.0 1.0 1.0 0.0 0.0 0.0 0.0
20170313 1.0 0.0 0.0 1.0 1.0 0.0 0.0 0.0 0.0
20170314 1.0 0.0 0.0 1.0 1.0 0.0 0.0 0.0 0.0
20170315 1.0 0.0 0.0 1.0 1.0 0.0 0.0 0.0 0.0
20170316 1.0 0.0 0.0 1.0 1.0 0.0 0.0 0.0 0.0
20170317 1.0 0.0 0.0 1.0 1.0 0.0 0.0 0.0 0.0
20170320 1.0 0.0 0.0 1.0 1.0 0.0 0.0 0.0 0.0
20170321 1.0 0.0 0.0 1.0 1.0 0.0 0.0 0.0 0.0
20170322 1.0 0.0 0.0 1.0 1.0 0.0 0.0 0.0 0.0
20170323 1.0 0.0 0.0 1.0 1.0 0.0 0.0 0.0 0.0
20170324 1.0 0.0 0.0 1.0 1.0 0.0 1.0 0.0 0.0
20170327 1.0 0.0 0.0 1.0 1.0 0.0 1.0 0.0 0.0
20170328 1.0 0.0 0.0 1.0 1.0 0.0 1.0 0.0 0.0
20170329 1.0 0.0 0.0 1.0 1.0 0.0 1.0 0.0 0.0
20170330 1.0 0.0 0.0 1.0 1.0 0.0 1.0 0.0 0.0
20170331 1.0 0.0 0.0 1.0 1.0 0.0 1.0 0.0 0.0
20170405 1.0 0.0 0.0 1.0 1.0 0.0 1.0 0.0 0.0
20170406 1.0 0.0 0.0 1.0 1.0 0.0 1.0 0.0 0.0
20170407 1.0 0.0 0.0 1.0 1.0 0.0 1.0 0.0 0.0
20170410 1.0 0.0 0.0 1.0 1.0 0.0 1.0 0.0 0.0
20170411 1.0 0.0 0.0 1.0 1.0 0.0 1.0 0.0 0.0
20170412 1.0 0.0 0.0 1.0 1.0 0.0 0.0 0.0 0.0
20170413 1.0 0.0 0.0 1.0 1.0 0.0 0.0 0.0 0.0
20170414 1.0 0.0 0.0 1.0 1.0 0.0 0.0 0.0 0.0
20170417 1.0 0.0 0.0 1.0 1.0 0.0 0.0 0.0 0.0
20170418 1.0 0.0 0.0 1.0 1.0 0.0 0.0 0.0 0.0
20170419 1.0 0.0 0.0 1.0 1.0 0.0 0.0 0.0 0.0
20170420 1.0 0.0 0.0 1.0 1.0 0.0 0.0 0.0 0.0
20170421 1.0 0.0 0.0 1.0 1.0 0.0 0.0 0.0 0.0
20170424 1.0 0.0 0.0 1.0 1.0 0.0 0.0 0.0 0.0
20170425 1.0 0.0 0.0 1.0 1.0 0.0 0.0 0.0 0.0
20170426 1.0 0.0 0.0 1.0 1.0 0.0 0.0 0.0 0.0
20170427 1.0 0.0 0.0 1.0 1.0 0.0 0.0 0.0 0.0
20170428 1.0 0.0 0.0 1.0 1.0 0.0 0.0 0.0 0.0
20170502 1.0 0.0 0.0 1.0 1.0 0.0 0.0 0.0 0.0
20170503 1.0 0.0 0.0 1.0 1.0 0.0 0.0 0.0 0.0
20170504 1.0 0.0 0.0 1.0 1.0 0.0 0.0 0.0 0.0
20170505 1.0 0.0 0.0 1.0 1.0 0.0 0.0 0.0 0.0
20170508 1.0 0.0 0.0 1.0 1.0 0.0 0.0 0.0 0.0
20170509 1.0 0.0 0.0 1.0 1.0 0.0 0.0 0.0 0.0
20170510 1.0 0.0 0.0 1.0 1.0 0.0 0.0 0.0 0.0
20170511 1.0 0.0 0.0 1.0 1.0 0.0 0.0 0.0 0.0
20170512 0.0 0.0 0.0 1.0 1.0 0.0 0.0 0.0 0.0
20170515 0.0 0.0 0.0 1.0 1.0 0.0 0.0 0.0 0.0
20170516 0.0 0.0 0.0 1.0 1.0 0.0 0.0 0.0 0.0
20170517 0.0 0.0 0.0 1.0 1.0 0.0 0.0 0.0 0.0
20170518 1.0 0.0 0.0 1.0 1.0 0.0 0.0 0.0 0.0
20170519 1.0 0.0 0.0 1.0 1.0 0.0 0.0 0.0 0.0
20170522 1.0 0.0 0.0 1.0 1.0 0.0 0.0 0.0 0.0
20170523 1.0 1.0 0.0 0.0 0.0 1.0 0.0 0.0 0.0
20170524 1.0 1.0 0.0 0.0 0.0 1.0 0.0 0.0 0.0
20170525 1.0 1.0 0.0 0.0 0.0 1.0 0.0 0.0 0.0
20170526 1.0 1.0 0.0 0.0 0.0 1.0 0.0 0.0 0.0
20170531 1.0 1.0 0.0 0.0 0.0 1.0 0.0 0.0 0.0
20170601 1.0 1.0 0.0 0.0 0.0 1.0 0.0 0.0 0.0
20170602 1.0 1.0 0.0 0.0 0.0 1.0 0.0 0.0 0.0
20170605 1.0 1.0 0.0 0.0 0.0 1.0 0.0 0.0 0.0
20170606 1.0 1.0 0.0 0.0 0.0 1.0 1.0 0.0 0.0
20170607 1.0 1.0 0.0 1.0 0.0 1.0 1.0 0.0 0.0
20170608 1.0 1.0 0.0 1.0 0.0 1.0 1.0 0.0 0.0
20170609 1.0 1.0 0.0 1.0 0.0 1.0 1.0 0.0 0.0
20170612 1.0 1.0 0.0 1.0 0.0 1.0 1.0 0.0 0.0
20170613 1.0 1.0 0.0 1.0 0.0 1.0 1.0 0.0 0.0
20170614 1.0 1.0 0.0 1.0 0.0 1.0 1.0 0.0 0.0
20170615 1.0 1.0 0.0 1.0 0.0 1.0 1.0 0.0 0.0
20170616 1.0 1.0 0.0 1.0 0.0 1.0 1.0 0.0 0.0
20170619 0.0 1.0 0.0 1.0 0.0 1.0 1.0 0.0 0.0
20170620 0.0 1.0 0.0 1.0 0.0 1.0 1.0 0.0 0.0
20170621 0.0 1.0 0.0 1.0 0.0 1.0 1.0 0.0 0.0
20170622 1.0 1.0 0.0 1.0 0.0 0.0 1.0 0.0 0.0
20170623 1.0 1.0 0.0 1.0 0.0 0.0 1.0 0.0 0.0
20170626 1.0 1.0 0.0 1.0 0.0 0.0 1.0 0.0 0.0
20170627 1.0 1.0 0.0 1.0 0.0 0.0 1.0 0.0 0.0
20170628 1.0 1.0 0.0 1.0 0.0 0.0 1.0 0.0 0.0
20170629 1.0 1.0 0.0 1.0 0.0 0.0 1.0 1.0 0.0
20170630 1.0 1.0 0.0 1.0 0.0 0.0 1.0 1.0 0.0
20170703 1.0 1.0 0.0 1.0 0.0 0.0 1.0 1.0 0.0
20170704 0.0 0.0 0.0 1.0 1.0 0.0 1.0 1.0 1.0
20170705 0.0 0.0 0.0 1.0 1.0 0.0 1.0 1.0 1.0
20170706 0.0 0.0 0.0 1.0 1.0 0.0 1.0 1.0 1.0
20170707 0.0 0.0 0.0 1.0 1.0 0.0 1.0 1.0 1.0
20170710 0.0 0.0 0.0 1.0 1.0 0.0 1.0 1.0 1.0
20170711 0.0 0.0 0.0 1.0 1.0 0.0 1.0 1.0 1.0
20170712 0.0 0.0 0.0 1.0 1.0 0.0 1.0 1.0 1.0
20170713 0.0 0.0 0.0 1.0 1.0 0.0 1.0 1.0 1.0
20170714 0.0 0.0 0.0 1.0 1.0 0.0 1.0 1.0 1.0
20170717 0.0 0.0 0.0 1.0 1.0 0.0 1.0 1.0 1.0
20170718 0.0 0.0 0.0 1.0 1.0 0.0 1.0 1.0 1.0
20170719 0.0 0.0 0.0 1.0 1.0 0.0 1.0 1.0 1.0
20170720 0.0 0.0 0.0 1.0 1.0 0.0 1.0 1.0 1.0
20170721 0.0 0.0 0.0 1.0 1.0 0.0 1.0 1.0 1.0
20170724 0.0 0.0 0.0 1.0 1.0 0.0 1.0 1.0 1.0
20170725 0.0 0.0 0.0 1.0 1.0 0.0 1.0 1.0 1.0
20170726 0.0 0.0 0.0 1.0 1.0 0.0 1.0 1.0 1.0
20170727 0.0 0.0 0.0 1.0 1.0 0.0 0.0 0.0 1.0
20170728 0.0 0.0 0.0 1.0 1.0 0.0 0.0 0.0 1.0
20170731 0.0 0.0 0.0 1.0 1.0 0.0 1.0 0.0 1.0
20170801 1.0 0.0 0.0 1.0 1.0 0.0 1.0 0.0 0.0
20170802 1.0 0.0 0.0 1.0 1.0 0.0 0.0 0.0 0.0
20170803 1.0 0.0 0.0 1.0 1.0 0.0 0.0 0.0 0.0
20170804 1.0 0.0 0.0 1.0 1.0 0.0 0.0 0.0 0.0
20170807 1.0 0.0 0.0 1.0 1.0 0.0 0.0 0.0 0.0
20170808 1.0 0.0 0.0 1.0 1.0 0.0 0.0 0.0 0.0
20170809 1.0 0.0 0.0 1.0 1.0 0.0 0.0 0.0 0.0
20170810 1.0 0.0 0.0 1.0 1.0 0.0 0.0 0.0 0.0
20170811 1.0 0.0 0.0 1.0 1.0 0.0 0.0 0.0 0.0
20170814 1.0 0.0 0.0 1.0 1.0 0.0 0.0 0.0 0.0
20170815 1.0 0.0 0.0 1.0 1.0 0.0 0.0 0.0 0.0
20170816 1.0 0.0 0.0 1.0 1.0 0.0 0.0 0.0 0.0
20170817 1.0 0.0 0.0 1.0 1.0 0.0 0.0 0.0 0.0
20170818 1.0 0.0 0.0 1.0 1.0 0.0 0.0 0.0 0.0
20170821 1.0 0.0 0.0 1.0 1.0 0.0 0.0 0.0 0.0
20170822 1.0 0.0 0.0 1.0 1.0 0.0 0.0 0.0 0.0
20170823 1.0 0.0 0.0 1.0 1.0 0.0 0.0 0.0 0.0
20170824 1.0 0.0 0.0 1.0 1.0 0.0 0.0 0.0 0.0
20170825 1.0 0.0 1.0 1.0 1.0 0.0 0.0 0.0 0.0
20170828 1.0 0.0 1.0 1.0 1.0 0.0 1.0 0.0 0.0
20170829 1.0 0.0 1.0 1.0 1.0 0.0 1.0 1.0 0.0
20170830 1.0 0.0 1.0 1.0 1.0 0.0 1.0 1.0 0.0
20170831 1.0 0.0 1.0 1.0 1.0 0.0 1.0 1.0 0.0
20170901 1.0 0.0 1.0 1.0 1.0 0.0 1.0 1.0 0.0
20170904 1.0 0.0 1.0 1.0 1.0 0.0 1.0 1.0 0.0
20170905 1.0 0.0 1.0 1.0 1.0 0.0 1.0 1.0 0.0
20170906 1.0 0.0 1.0 1.0 1.0 0.0 1.0 1.0 0.0
20170907 1.0 0.0 1.0 1.0 1.0 0.0 1.0 1.0 0.0
20170908 1.0 0.0 1.0 1.0 1.0 0.0 1.0 1.0 0.0
20170911 1.0 0.0 1.0 1.0 1.0 0.0 1.0 1.0 0.0
20170912 1.0 0.0 1.0 1.0 1.0 0.0 1.0 1.0 0.0
20170913 1.0 0.0 1.0 1.0 1.0 0.0 1.0 1.0 0.0
20170914 1.0 0.0 1.0 1.0 1.0 0.0 0.0 1.0 0.0
20170915 1.0 0.0 1.0 1.0 1.0 0.0 0.0 1.0 0.0
20170918 1.0 0.0 1.0 1.0 1.0 0.0 0.0 1.0 0.0
20170919 1.0 0.0 1.0 1.0 1.0 0.0 0.0 1.0 0.0
20170920 1.0 0.0 1.0 1.0 1.0 0.0 0.0 1.0 0.0
20170921 1.0 0.0 1.0 1.0 1.0 0.0 0.0 1.0 0.0
20170922 1.0 0.0 1.0 1.0 1.0 0.0 0.0 1.0 0.0
20170925 1.0 0.0 1.0 1.0 1.0 0.0 0.0 1.0 0.0
20170926 1.0 0.0 1.0 1.0 1.0 0.0 0.0 0.0 0.0
20170927 1.0 0.0 1.0 1.0 1.0 0.0 0.0 0.0 0.0
20170928 1.0 0.0 1.0 1.0 1.0 0.0 0.0 0.0 0.0
20170929 1.0 0.0 1.0 1.0 1.0 0.0 0.0 1.0 0.0
20171009 1.0 0.0 1.0 1.0 1.0 0.0 0.0 1.0 0.0
20171010 1.0 0.0 1.0 1.0 1.0 0.0 1.0 1.0 0.0
20171011 1.0 0.0 1.0 1.0 1.0 0.0 1.0 1.0 0.0
20171012 1.0 0.0 1.0 1.0 1.0 0.0 1.0 1.0 0.0
20171013 1.0 0.0 1.0 1.0 1.0 0.0 1.0 1.0 0.0
20171016 1.0 0.0 1.0 1.0 1.0 0.0 1.0 1.0 0.0
20171017 1.0 0.0 1.0 1.0 1.0 0.0 0.0 1.0 0.0
20171018 1.0 0.0 1.0 1.0 1.0 0.0 0.0 1.0 0.0
20171019 1.0 0.0 1.0 1.0 1.0 0.0 0.0 1.0 0.0
20171020 1.0 0.0 1.0 1.0 1.0 0.0 0.0 1.0 0.0
20171023 1.0 0.0 1.0 1.0 1.0 0.0 0.0 1.0 0.0
20171024 1.0 0.0 1.0 1.0 1.0 0.0 0.0 1.0 0.0
20171025 1.0 0.0 1.0 1.0 1.0 0.0 0.0 1.0 0.0
20171026 1.0 0.0 1.0 1.0 1.0 0.0 0.0 1.0 0.0
20171027 1.0 0.0 1.0 1.0 1.0 0.0 0.0 1.0 0.0
20171030 1.0 0.0 1.0 1.0 1.0 0.0 0.0 1.0 0.0
20171031 1.0 0.0 1.0 1.0 1.0 0.0 0.0 1.0 0.0
20171101 1.0 1.0 1.0 0.0 0.0 1.0 0.0 1.0 0.0
20171102 1.0 1.0 1.0 0.0 0.0 1.0 0.0 1.0 0.0
20171103 1.0 1.0 1.0 0.0 0.0 1.0 0.0 0.0 0.0
20171106 1.0 1.0 1.0 0.0 0.0 1.0 0.0 0.0 0.0
20171107 1.0 1.0 1.0 0.0 0.0 1.0 0.0 0.0 0.0
20171108 1.0 1.0 1.0 0.0 0.0 1.0 0.0 0.0 0.0
20171109 1.0 1.0 1.0 0.0 0.0 1.0 0.0 0.0 0.0
20171110 1.0 1.0 1.0 0.0 0.0 1.0 0.0 0.0 0.0
20171113 1.0 1.0 1.0 0.0 0.0 1.0 0.0 0.0 0.0
20171114 1.0 1.0 1.0 0.0 0.0 1.0 0.0 0.0 0.0
20171115 1.0 1.0 1.0 0.0 0.0 1.0 0.0 0.0 0.0
20171116 1.0 1.0 1.0 0.0 0.0 1.0 0.0 0.0 0.0
20171117 1.0 1.0 1.0 0.0 0.0 1.0 0.0 0.0 0.0
20171120 1.0 1.0 1.0 0.0 0.0 1.0 0.0 0.0 0.0
20171121 1.0 1.0 1.0 0.0 0.0 1.0 0.0 0.0 0.0
20171122 1.0 1.0 1.0 0.0 0.0 1.0 0.0 0.0 0.0
20171123 1.0 1.0 1.0 0.0 0.0 1.0 0.0 0.0 0.0
20171124 1.0 1.0 1.0 0.0 0.0 1.0 0.0 0.0 0.0
20171127 1.0 1.0 1.0 0.0 0.0 1.0 0.0 0.0 0.0
20171128 1.0 1.0 1.0 0.0 0.0 1.0 1.0 0.0 0.0
20171129 1.0 1.0 1.0 1.0 0.0 0.0 1.0 0.0 0.0
20171130 1.0 1.0 1.0 1.0 0.0 0.0 1.0 0.0 0.0
20171201 1.0 1.0 1.0 1.0 0.0 0.0 1.0 0.0 0.0
20171204 1.0 1.0 1.0 1.0 0.0 0.0 1.0 0.0 0.0
20171205 1.0 1.0 1.0 1.0 0.0 0.0 1.0 0.0 0.0
20171206 1.0 1.0 1.0 1.0 0.0 0.0 1.0 0.0 0.0
20171207 1.0 1.0 1.0 1.0 0.0 0.0 1.0 0.0 0.0
20171208 1.0 1.0 1.0 1.0 0.0 0.0 1.0 0.0 0.0
20171211 1.0 1.0 1.0 1.0 0.0 0.0 1.0 0.0 0.0
20171212 1.0 1.0 1.0 1.0 0.0 0.0 1.0 0.0 0.0
20171213 1.0 1.0 1.0 1.0 0.0 0.0 1.0 0.0 0.0
20171214 1.0 1.0 1.0 1.0 0.0 0.0 1.0 0.0 0.0
20171215 1.0 1.0 1.0 1.0 0.0 0.0 1.0 0.0 0.0
20171218 1.0 1.0 1.0 1.0 0.0 0.0 1.0 0.0 0.0
20171219 1.0 1.0 1.0 1.0 0.0 0.0 1.0 0.0 0.0
20171220 1.0 1.0 1.0 1.0 0.0 0.0 0.0 0.0 0.0
20171221 1.0 1.0 1.0 1.0 0.0 0.0 0.0 0.0 0.0
20171222 1.0 1.0 1.0 1.0 0.0 0.0 0.0 0.0 0.0
20171225 1.0 1.0 1.0 1.0 0.0 0.0 0.0 0.0 0.0
20171226 1.0 1.0 1.0 1.0 0.0 0.0 0.0 0.0 0.0
20171227 1.0 1.0 1.0 1.0 0.0 0.0 0.0 0.0 0.0
20171228 1.0 1.0 1.0 1.0 0.0 0.0 1.0 0.0 0.0
20171229 1.0 1.0 1.0 1.0 0.0 0.0 1.0 0.0 0.0
20180102 1.0 1.0 1.0 1.0 0.0 0.0 1.0 0.0 0.0
20180103 1.0 1.0 1.0 1.0 0.0 0.0 1.0 0.0 0.0
20180104 1.0 1.0 1.0 1.0 0.0 0.0 1.0 1.0 0.0
20180105 1.0 1.0 1.0 1.0 0.0 0.0 1.0 1.0 0.0
20180108 1.0 1.0 1.0 1.0 0.0 0.0 1.0 1.0 0.0
20180109 1.0 1.0 1.0 1.0 0.0 0.0 1.0 1.0 0.0
20180110 1.0 1.0 1.0 1.0 0.0 0.0 1.0 1.0 0.0
20180111 0.0 0.0 0.0 1.0 1.0 0.0 1.0 1.0 1.0
20180112 0.0 0.0 0.0 1.0 1.0 0.0 1.0 1.0 1.0
20180115 0.0 0.0 0.0 1.0 1.0 0.0 1.0 1.0 1.0
20180116 0.0 0.0 0.0 1.0 1.0 0.0 1.0 1.0 1.0
20180117 0.0 0.0 0.0 1.0 1.0 0.0 1.0 1.0 1.0
20180118 0.0 0.0 0.0 1.0 1.0 0.0 1.0 1.0 1.0
20180119 0.0 0.0 0.0 1.0 1.0 0.0 1.0 1.0 1.0
20180122 0.0 0.0 0.0 1.0 1.0 0.0 1.0 1.0 1.0
20180123 0.0 0.0 0.0 1.0 1.0 0.0 1.0 1.0 1.0
20180124 0.0 0.0 0.0 1.0 1.0 0.0 1.0 1.0 1.0
20180125 0.0 0.0 0.0 1.0 1.0 0.0 1.0 1.0 1.0
20180126 0.0 0.0 0.0 1.0 1.0 0.0 0.0 1.0 1.0
20180129 0.0 0.0 0.0 1.0 1.0 0.0 0.0 1.0 1.0
20180130 0.0 0.0 0.0 1.0 1.0 0.0 1.0 1.0 1.0
20180131 0.0 0.0 0.0 1.0 1.0 0.0 1.0 1.0 1.0
20180201 0.0 0.0 0.0 1.0 1.0 0.0 0.0 0.0 1.0
20180202 0.0 0.0 0.0 1.0 1.0 0.0 1.0 0.0 1.0
20180205 0.0 0.0 0.0 1.0 1.0 0.0 1.0 0.0 1.0
20180206 0.0 0.0 0.0 1.0 1.0 0.0 1.0 0.0 1.0
20180207 0.0 0.0 0.0 1.0 1.0 0.0 1.0 0.0 1.0
20180208 1.0 0.0 1.0 1.0 1.0 0.0 1.0 0.0 0.0
20180209 1.0 0.0 1.0 1.0 1.0 0.0 0.0 0.0 0.0
20180212 1.0 0.0 1.0 1.0 1.0 0.0 0.0 0.0 0.0
20180213 1.0 0.0 1.0 1.0 1.0 0.0 0.0 0.0 0.0
20180214 1.0 0.0 1.0 1.0 1.0 0.0 0.0 0.0 0.0
20180222 1.0 0.0 1.0 1.0 1.0 0.0 0.0 0.0 0.0
20180223 1.0 0.0 1.0 1.0 1.0 0.0 0.0 0.0 0.0
20180226 1.0 0.0 1.0 1.0 1.0 0.0 0.0 0.0 0.0
20180227 1.0 0.0 1.0 1.0 1.0 0.0 1.0 0.0 0.0
20180228 1.0 0.0 1.0 1.0 1.0 0.0 1.0 0.0 0.0
20180301 1.0 0.0 1.0 1.0 1.0 0.0 1.0 0.0 0.0
20180302 1.0 0.0 1.0 1.0 1.0 0.0 1.0 0.0 0.0
20180305 1.0 0.0 1.0 1.0 1.0 0.0 1.0 0.0 0.0
20180306 1.0 0.0 1.0 1.0 1.0 0.0 1.0 0.0 0.0
20180307 1.0 0.0 1.0 1.0 1.0 0.0 0.0 0.0 0.0
20180308 1.0 0.0 1.0 1.0 1.0 0.0 0.0 0.0 0.0
20180309 1.0 0.0 1.0 1.0 1.0 0.0 0.0 0.0 0.0
20180312 1.0 0.0 1.0 1.0 1.0 0.0 0.0 0.0 0.0
20180313 1.0 0.0 1.0 1.0 1.0 0.0 0.0 0.0 0.0
20180314 1.0 0.0 1.0 1.0 1.0 0.0 0.0 0.0 0.0
20180315 1.0 0.0 1.0 1.0 1.0 0.0 1.0 0.0 0.0
20180316 1.0 0.0 1.0 1.0 1.0 0.0 0.0 0.0 0.0
20180319 0.0 0.0 0.0 0.0 0.0 0.0 0.0 0.0 0.0
20180320 0.0 0.0 0.0 0.0 0.0 0.0 0.0 0.0 0.0
20180321 0.0 0.0 0.0 0.0 0.0 0.0 0.0 0.0 0.0
20180322 0.0 0.0 0.0 0.0 0.0 0.0 0.0 0.0 0.0
20180323 0.0 0.0 0.0 0.0 0.0 0.0 0.0 0.0 0.0
20180326 0.0 0.0 0.0 0.0 0.0 0.0 0.0 0.0 0.0
20180327 0.0 0.0 0.0 0.0 0.0 0.0 0.0 0.0 0.0
20180328 0.0 0.0 0.0 0.0 0.0 0.0 0.0 0.0 0.0
20180329 0.0 0.0 0.0 0.0 0.0 0.0 0.0 0.0 0.0
20180330 0.0 0.0 0.0 0.0 0.0 0.0 0.0 0.0 0.0
20180402 0.0 0.0 0.0 0.0 0.0 0.0 0.0 0.0 0.0
20180403 0.0 0.0 0.0 0.0 0.0 0.0 0.0 0.0 0.0
20180404 0.0 0.0 0.0 0.0 0.0 0.0 0.0 0.0 0.0
20180409 0.0 0.0 0.0 0.0 0.0 0.0 0.0 0.0 0.0
20180410 0.0 0.0 0.0 0.0 0.0 0.0 0.0 0.0 0.0
20180411 0.0 0.0 0.0 0.0 0.0 0.0 0.0 0.0 0.0
20180412 0.0 0.0 0.0 0.0 0.0 0.0 0.0 0.0 0.0
20180413 0.0 0.0 0.0 0.0 0.0 0.0 0.0 0.0 0.0
20180416 0.0 0.0 0.0 0.0 0.0 0.0 0.0 0.0 0.0
20180417 0.0 0.0 0.0 0.0 0.0 0.0 0.0 0.0 0.0
20180418 0.0 0.0 0.0 0.0 0.0 0.0 0.0 0.0 0.0
20180419 0.0 0.0 0.0 0.0 0.0 0.0 0.0 0.0 0.0
20180420 0.0 0.0 0.0 0.0 0.0 0.0 0.0 0.0 0.0
20180423 0.0 0.0 0.0 0.0 0.0 0.0 0.0 0.0 0.0
20180424 0.0 0.0 0.0 0.0 0.0 0.0 0.0 0.0 0.0
20180425 0.0 0.0 0.0 0.0 0.0 0.0 0.0 0.0 0.0
20180426 0.0 0.0 0.0 0.0 0.0 0.0 0.0 0.0 0.0
20180427 0.0 0.0 0.0 0.0 0.0 0.0 0.0 0.0 0.0
20180502 0.0 0.0 0.0 0.0 0.0 0.0 0.0 0.0 0.0
20180503 0.0 0.0 0.0 0.0 0.0 0.0 0.0 0.0 0.0
20180504 0.0 0.0 0.0 0.0 0.0 0.0 0.0 0.0 0.0
20180507 0.0 0.0 0.0 0.0 0.0 0.0 0.0 0.0 0.0
20180508 0.0 0.0 0.0 0.0 0.0 0.0 0.0 0.0 0.0
20180509 0.0 0.0 0.0 0.0 0.0 0.0 0.0 0.0 0.0
20180510 0.0 0.0 0.0 0.0 0.0 0.0 0.0 0.0 0.0
20180511 0.0 0.0 0.0 0.0 0.0 0.0 0.0 0.0 0.0
20180514 0.0 0.0 0.0 0.0 0.0 0.0 0.0 0.0 0.0
20180515 0.0 0.0 0.0 0.0 0.0 0.0 0.0 0.0 0.0
20180516 0.0 0.0 0.0 0.0 0.0 0.0 0.0 0.0 0.0
20180517 0.0 0.0 0.0 0.0 0.0 0.0 0.0 0.0 0.0
20180518 1.0 0.0 1.0 1.0 1.0 0.0 0.0 0.0 0.0
20180521 1.0 0.0 1.0 1.0 1.0 0.0 0.0 0.0 0.0
20180522 1.0 0.0 1.0 1.0 1.0 0.0 0.0 0.0 0.0
20180523 1.0 1.0 1.0 0.0 0.0 1.0 0.0 0.0 0.0
20180524 1.0 1.0 1.0 0.0 0.0 1.0 0.0 0.0 0.0
20180525 1.0 1.0 1.0 0.0 0.0 1.0 0.0 0.0 0.0
20180528 1.0 1.0 1.0 0.0 0.0 1.0 0.0 0.0 0.0
20180529 1.0 1.0 1.0 0.0 0.0 1.0 0.0 0.0 0.0
20180530 1.0 1.0 1.0 0.0 0.0 1.0 0.0 0.0 0.0
20180531 1.0 1.0 1.0 0.0 0.0 1.0 0.0 0.0 0.0
20180601 1.0 1.0 1.0 0.0 0.0 1.0 0.0 0.0 0.0
20180604 1.0 1.0 1.0 0.0 0.0 1.0 0.0 0.0 0.0
20180605 1.0 1.0 1.0 0.0 0.0 1.0 0.0 0.0 0.0
20180606 1.0 1.0 1.0 0.0 0.0 1.0 0.0 0.0 0.0
20180607 1.0 1.0 1.0 0.0 0.0 1.0 0.0 0.0 0.0
20180608 1.0 1.0 1.0 0.0 0.0 1.0 0.0 0.0 0.0
20180611 1.0 1.0 1.0 0.0 0.0 1.0 0.0 0.0 0.0
20180612 1.0 1.0 1.0 0.0 0.0 1.0 0.0 0.0 0.0
20180613 1.0 1.0 1.0 0.0 0.0 1.0 0.0 0.0 0.0
20180614 1.0 1.0 1.0 0.0 0.0 1.0 0.0 0.0 0.0
20180615 1.0 1.0 1.0 0.0 0.0 1.0 0.0 0.0 0.0
20180619 1.0 1.0 1.0 0.0 0.0 1.0 0.0 0.0 0.0
20180620 1.0 1.0 1.0 0.0 0.0 1.0 0.0 0.0 0.0
20180621 1.0 1.0 1.0 1.0 0.0 0.0 0.0 0.0 0.0
20180622 1.0 1.0 1.0 1.0 0.0 0.0 0.0 0.0 0.0
20180625 1.0 1.0 1.0 1.0 0.0 0.0 0.0 0.0 0.0
20180626 1.0 1.0 1.0 1.0 0.0 0.0 1.0 0.0 0.0
20180627 1.0 1.0 1.0 1.0 0.0 0.0 1.0 0.0 0.0
20180628 1.0 1.0 1.0 1.0 0.0 0.0 1.0 0.0 0.0
20180629 1.0 1.0 1.0 1.0 0.0 0.0 1.0 0.0 0.0
20180702 1.0 1.0 1.0 1.0 0.0 0.0 1.0 0.0 0.0
20180703 1.0 1.0 1.0 1.0 0.0 0.0 1.0 0.0 0.0
20180704 1.0 1.0 1.0 1.0 0.0 0.0 1.0 0.0 0.0
20180705 1.0 1.0 1.0 1.0 0.0 0.0 1.0 0.0 0.0
20180706 1.0 1.0 1.0 1.0 0.0 0.0 1.0 0.0 0.0
20180709 1.0 1.0 1.0 1.0 0.0 0.0 1.0 0.0 0.0
20180710 1.0 1.0 1.0 1.0 0.0 0.0 1.0 0.0 0.0
20180711 1.0 1.0 1.0 1.0 0.0 0.0 1.0 0.0 0.0
20180712 1.0 1.0 1.0 1.0 0.0 0.0 1.0 0.0 0.0
20180713 1.0 1.0 1.0 1.0 0.0 0.0 1.0 0.0 0.0
20180716 1.0 1.0 1.0 1.0 0.0 0.0 1.0 0.0 0.0
20180717 0.0 1.0 1.0 1.0 0.0 0.0 1.0 0.0 0.0
20180718 0.0 1.0 1.0 1.0 0.0 0.0 1.0 0.0 0.0
20180719 0.0 1.0 1.0 1.0 0.0 0.0 1.0 0.0 0.0
20180720 0.0 1.0 1.0 1.0 0.0 0.0 1.0 0.0 0.0
20180723 0.0 1.0 1.0 1.0 0.0 0.0 1.0 0.0 0.0
20180724 0.0 1.0 1.0 1.0 0.0 0.0 1.0 0.0 0.0
20180725 0.0 1.0 1.0 1.0 0.0 0.0 1.0 0.0 0.0
20180726 0.0 1.0 1.0 1.0 0.0 0.0 1.0 1.0 0.0
20180727 0.0 1.0 1.0 1.0 0.0 0.0 1.0 1.0 0.0
20180730 0.0 1.0 1.0 1.0 0.0 0.0 1.0 1.0 0.0
20180731 0.0 1.0 1.0 1.0 0.0 0.0 1.0 1.0 0.0
20180801 0.0 1.0 1.0 1.0 0.0 0.0 1.0 1.0 0.0
20180802 0.0 1.0 1.0 1.0 0.0 0.0 1.0 1.0 0.0
20180803 0.0 1.0 1.0 1.0 0.0 0.0 1.0 1.0 0.0
20180806 0.0 1.0 1.0 1.0 0.0 0.0 1.0 1.0 0.0
20180807 0.0 1.0 1.0 1.0 0.0 0.0 1.0 1.0 0.0
20180808 0.0 1.0 1.0 1.0 0.0 0.0 0.0 1.0 0.0
20180809 0.0 1.0 1.0 1.0 0.0 0.0 1.0 1.0 0.0
20180810 0.0 1.0 1.0 1.0 0.0 0.0 1.0 1.0 0.0
20180813 0.0 1.0 0.0 1.0 0.0 0.0 1.0 1.0 0.0
20180814 0.0 1.0 1.0 1.0 0.0 0.0 1.0 1.0 0.0
20180815 0.0 1.0 1.0 1.0 0.0 0.0 1.0 1.0 0.0
20180816 0.0 1.0 1.0 1.0 0.0 0.0 1.0 1.0 0.0
20180817 0.0 1.0 1.0 1.0 0.0 0.0 0.0 1.0 0.0
20180820 1.0 1.0 1.0 1.0 0.0 0.0 0.0 1.0 0.0
20180821 1.0 1.0 1.0 1.0 0.0 0.0 0.0 1.0 0.0
20180822 1.0 1.0 1.0 1.0 0.0 0.0 0.0 1.0 0.0
20180823 1.0 1.0 1.0 1.0 0.0 0.0 0.0 0.0 0.0
20180824 1.0 1.0 1.0 1.0 0.0 0.0 0.0 0.0 0.0
20180827 1.0 1.0 1.0 1.0 0.0 0.0 1.0 0.0 0.0
20180828 1.0 1.0 1.0 1.0 0.0 0.0 1.0 0.0 0.0
20180829 1.0 1.0 1.0 1.0 0.0 0.0 1.0 0.0 0.0
20180830 1.0 1.0 1.0 1.0 0.0 0.0 1.0 0.0 0.0
20180831 1.0 1.0 1.0 1.0 0.0 0.0 0.0 0.0 0.0
20180903 1.0 1.0 1.0 1.0 0.0 0.0 0.0 0.0 0.0
20180904 1.0 1.0 1.0 1.0 0.0 0.0 0.0 0.0 0.0
20180905 1.0 1.0 1.0 1.0 0.0 0.0 0.0 0.0 0.0
20180906 1.0 1.0 1.0 1.0 0.0 0.0 0.0 0.0 0.0
20180907 1.0 1.0 1.0 1.0 0.0 0.0 0.0 0.0 0.0
20180910 1.0 1.0 1.0 1.0 0.0 0.0 0.0 0.0 0.0
20180911 1.0 1.0 1.0 1.0 0.0 0.0 0.0 0.0 0.0
20180912 1.0 1.0 0.0 1.0 0.0 0.0 0.0 0.0 0.0
20180913 1.0 1.0 0.0 1.0 0.0 0.0 0.0 0.0 0.0
20180914 1.0 1.0 0.0 1.0 0.0 0.0 0.0 0.0 0.0
20180917 1.0 1.0 0.0 1.0 0.0 0.0 0.0 0.0 0.0
20180918 1.0 1.0 0.0 1.0 0.0 0.0 0.0 0.0 0.0
20180919 1.0 1.0 0.0 1.0 0.0 0.0 0.0 0.0 0.0
20180920 1.0 1.0 0.0 1.0 0.0 0.0 0.0 0.0 0.0
20180921 1.0 1.0 0.0 1.0 0.0 0.0 1.0 0.0 0.0
20180925 1.0 1.0 0.0 1.0 0.0 0.0 1.0 0.0 0.0
20180926 1.0 1.0 0.0 1.0 0.0 0.0 1.0 0.0 0.0
20180927 1.0 1.0 0.0 1.0 0.0 0.0 1.0 0.0 0.0
20180928 1.0 1.0 0.0 1.0 0.0 0.0 1.0 0.0 0.0
20181008 1.0 1.0 0.0 1.0 0.0 0.0 1.0 0.0 0.0
20181009 1.0 1.0 0.0 1.0 0.0 0.0 1.0 0.0 0.0
20181010 1.0 1.0 0.0 1.0 0.0 0.0 1.0 1.0 0.0
20181011 1.0 1.0 0.0 1.0 0.0 0.0 1.0 1.0 0.0
20181012 1.0 1.0 0.0 1.0 0.0 0.0 1.0 1.0 0.0
20181015 1.0 1.0 0.0 1.0 0.0 0.0 1.0 1.0 0.0
20181016 1.0 1.0 0.0 1.0 0.0 0.0 0.0 1.0 0.0
20181017 1.0 1.0 0.0 1.0 0.0 0.0 0.0 1.0 0.0
20181018 1.0 1.0 0.0 1.0 0.0 0.0 0.0 1.0 0.0
20181019 1.0 1.0 0.0 1.0 0.0 0.0 0.0 1.0 0.0
20181022 1.0 1.0 1.0 1.0 0.0 0.0 1.0 1.0 0.0
20181023 1.0 1.0 1.0 1.0 0.0 0.0 1.0 1.0 0.0
20181024 1.0 1.0 1.0 1.0 0.0 0.0 1.0 1.0 0.0
20181025 1.0 1.0 1.0 1.0 0.0 0.0 0.0 1.0 0.0
20181026 1.0 1.0 1.0 1.0 0.0 0.0 0.0 1.0 0.0
20181029 1.0 1.0 1.0 1.0 0.0 0.0 0.0 1.0 0.0
20181030 1.0 1.0 1.0 1.0 0.0 0.0 0.0 1.0 0.0
20181031 1.0 1.0 1.0 1.0 0.0 0.0 0.0 1.0 0.0
20181101 1.0 1.0 1.0 1.0 0.0 0.0 0.0 1.0 0.0
20181102 1.0 1.0 1.0 1.0 0.0 0.0 0.0 1.0 0.0
20181105 1.0 1.0 1.0 1.0 0.0 0.0 1.0 1.0 0.0
20181106 1.0 1.0 1.0 1.0 0.0 0.0 1.0 1.0 0.0
20181107 1.0 1.0 1.0 1.0 0.0 0.0 1.0 1.0 0.0
20181108 1.0 1.0 1.0 1.0 0.0 0.0 1.0 1.0 0.0
20181109 1.0 1.0 1.0 1.0 0.0 0.0 1.0 1.0 0.0
20181112 1.0 1.0 1.0 1.0 0.0 0.0 1.0 1.0 0.0
20181113 1.0 1.0 1.0 1.0 0.0 0.0 1.0 1.0 0.0
20181114 0.0 0.0 0.0 1.0 1.0 0.0 1.0 1.0 1.0
20181115 0.0 0.0 0.0 1.0 1.0 0.0 1.0 1.0 1.0
20181116 0.0 0.0 0.0 1.0 1.0 0.0 1.0 1.0 1.0
20181119 0.0 0.0 0.0 1.0 1.0 0.0 1.0 1.0 1.0
20181120 0.0 1.0 0.0 0.0 0.0 1.0 0.0 1.0 1.0
20181121 0.0 1.0 0.0 0.0 0.0 1.0 0.0 1.0 1.0
20181122 0.0 1.0 0.0 0.0 0.0 1.0 0.0 1.0 1.0
20181123 0.0 1.0 0.0 0.0 0.0 1.0 0.0 1.0 1.0
20181126 0.0 1.0 0.0 0.0 0.0 1.0 0.0 1.0 1.0
20181127 0.0 1.0 0.0 0.0 0.0 1.0 0.0 1.0 1.0
20181128 0.0 1.0 0.0 0.0 0.0 1.0 0.0 1.0 1.0
20181129 0.0 1.0 0.0 0.0 0.0 1.0 0.0 1.0 1.0
20181130 0.0 1.0 0.0 0.0 0.0 1.0 0.0 1.0 1.0
20181203 0.0 1.0 0.0 0.0 0.0 1.0 0.0 1.0 1.0
20181204 0.0 1.0 0.0 1.0 0.0 1.0 0.0 1.0 1.0
20181205 0.0 1.0 0.0 1.0 0.0 1.0 0.0 0.0 1.0
20181206 0.0 1.0 0.0 1.0 0.0 1.0 1.0 0.0 1.0
20181207 0.0 1.0 0.0 1.0 0.0 1.0 0.0 0.0 1.0
20181210 0.0 1.0 0.0 1.0 0.0 1.0 0.0 0.0 1.0
20181211 0.0 1.0 0.0 1.0 0.0 1.0 0.0 0.0 1.0
20181212 1.0 1.0 1.0 1.0 0.0 1.0 0.0 0.0 0.0
20181213 1.0 1.0 1.0 1.0 0.0 1.0 0.0 0.0 0.0
20181214 1.0 1.0 1.0 1.0 0.0 1.0 0.0 0.0 0.0
20181217 1.0 1.0 1.0 1.0 0.0 1.0 0.0 0.0 0.0
20181218 1.0 1.0 1.0 1.0 0.0 0.0 1.0 0.0 0.0
20181219 1.0 1.0 1.0 1.0 0.0 0.0 1.0 0.0 0.0
20181220 1.0 1.0 1.0 1.0 0.0 0.0 1.0 0.0 0.0
20181221 1.0 1.0 1.0 1.0 0.0 0.0 1.0 0.0 0.0
20181224 1.0 1.0 1.0 1.0 0.0 0.0 0.0 0.0 0.0
20181225 1.0 1.0 1.0 1.0 0.0 0.0 0.0 0.0 0.0
20181226 1.0 1.0 1.0 1.0 0.0 0.0 0.0 0.0 0.0
20181227 1.0 1.0 1.0 1.0 0.0 0.0 0.0 0.0 0.0
20181228 1.0 1.0 1.0 1.0 0.0 0.0 0.0 0.0 0.0
20190102 1.0 1.0 1.0 1.0 0.0 0.0 0.0 0.0 0.0
20190103 1.0 1.0 1.0 1.0 0.0 0.0 0.0 0.0 0.0
20190104 1.0 1.0 1.0 1.0 0.0 0.0 0.0 0.0 0.0
20190107 1.0 1.0 1.0 1.0 0.0 0.0 1.0 0.0 0.0
20190108 1.0 1.0 1.0 1.0 0.0 0.0 1.0 0.0 0.0
20190109 1.0 1.0 1.0 1.0 0.0 0.0 1.0 0.0 0.0
20190110 1.0 1.0 1.0 1.0 0.0 0.0 1.0 0.0 0.0
20190111 1.0 1.0 1.0 1.0 0.0 0.0 1.0 0.0 0.0
20190114 1.0 1.0 1.0 1.0 0.0 0.0 1.0 0.0 0.0
20190115 1.0 1.0 1.0 1.0 0.0 0.0 1.0 0.0 0.0
20190116 1.0 1.0 1.0 1.0 0.0 0.0 1.0 0.0 0.0
20190117 1.0 1.0 1.0 1.0 0.0 0.0 1.0 0.0 0.0
20190118 1.0 1.0 1.0 1.0 0.0 0.0 1.0 0.0 0.0
20190121 1.0 1.0 1.0 1.0 0.0 0.0 1.0 0.0 0.0
20190122 1.0 1.0 1.0 1.0 0.0 0.0 1.0 0.0 0.0
20190123 1.0 1.0 1.0 1.0 0.0 0.0 1.0 0.0 0.0
20190124 1.0 1.0 1.0 1.0 0.0 0.0 1.0 0.0 0.0
20190125 1.0 1.0 1.0 1.0 0.0 0.0 1.0 0.0 0.0
20190128 1.0 1.0 1.0 1.0 0.0 0.0 1.0 0.0 0.0
20190129 1.0 1.0 1.0 1.0 0.0 0.0 1.0 0.0 0.0
20190130 1.0 1.0 1.0 1.0 0.0 0.0 1.0 0.0 0.0
20190131 1.0 1.0 1.0 1.0 0.0 0.0 0.0 0.0 0.0
20190201 1.0 1.0 1.0 1.0 0.0 0.0 0.0 0.0 0.0
20190211 1.0 1.0 1.0 1.0 0.0 0.0 0.0 0.0 0.0
20190212 1.0 1.0 1.0 1.0 0.0 0.0 1.0 0.0 0.0
20190213 1.0 1.0 1.0 1.0 0.0 0.0 1.0 1.0 0.0
20190214 1.0 1.0 1.0 1.0 0.0 0.0 1.0 1.0 0.0
20190215 0.0 0.0 0.0 1.0 1.0 0.0 1.0 1.0 1.0
20190218 0.0 0.0 0.0 1.0 1.0 0.0 1.0 1.0 1.0
20190219 0.0 0.0 0.0 1.0 1.0 0.0 1.0 1.0 1.0
20190220 0.0 0.0 0.0 1.0 1.0 0.0 1.0 1.0 1.0
20190221 0.0 0.0 0.0 1.0 1.0 0.0 1.0 1.0 1.0
20190222 0.0 0.0 0.0 1.0 1.0 0.0 1.0 1.0 1.0
20190225 0.0 0.0 0.0 1.0 1.0 0.0 1.0 1.0 1.0
20190226 0.0 0.0 0.0 1.0 1.0 0.0 1.0 1.0 1.0
20190227 0.0 0.0 0.0 1.0 1.0 0.0 1.0 1.0 1.0
20190228 0.0 0.0 0.0 1.0 1.0 0.0 1.0 1.0 1.0
20190301 0.0 0.0 0.0 1.0 1.0 0.0 1.0 1.0 1.0
20190304 0.0 0.0 0.0 1.0 1.0 0.0 1.0 1.0 1.0
20190305 0.0 0.0 0.0 1.0 1.0 0.0 1.0 1.0 1.0
20190306 0.0 0.0 0.0 1.0 1.0 0.0 1.0 1.0 1.0
20190307 0.0 0.0 0.0 1.0 1.0 0.0 1.0 1.0 1.0
20190308 0.0 0.0 0.0 1.0 1.0 0.0 1.0 1.0 1.0
20190311 0.0 0.0 0.0 1.0 1.0 0.0 1.0 1.0 1.0
20190312 0.0 0.0 0.0 1.0 1.0 0.0 1.0 1.0 1.0
20190313 0.0 0.0 0.0 1.0 1.0 0.0 1.0 0.0 1.0
20190314 0.0 0.0 0.0 1.0 1.0 0.0 1.0 0.0 1.0
20190315 1.0 0.0 1.0 1.0 1.0 0.0 1.0 0.0 0.0
20190318 1.0 0.0 1.0 1.0 1.0 0.0 1.0 0.0 0.0
20190319 1.0 0.0 1.0 1.0 1.0 0.0 0.0 0.0 0.0
20190320 1.0 0.0 1.0 1.0 1.0 0.0 0.0 0.0 0.0
20190321 1.0 0.0 1.0 1.0 1.0 0.0 0.0 0.0 0.0
20190322 1.0 0.0 1.0 1.0 1.0 0.0 0.0 0.0 0.0
20190325 1.0 0.0 1.0 1.0 1.0 0.0 0.0 0.0 0.0
20190326 1.0 0.0 1.0 1.0 1.0 0.0 0.0 0.0 0.0
20190327 1.0 0.0 1.0 1.0 1.0 0.0 0.0 0.0 0.0
20190328 1.0 0.0 1.0 1.0 1.0 0.0 0.0 0.0 0.0
20190329 1.0 0.0 1.0 1.0 1.0 0.0 0.0 0.0 0.0
20190401 1.0 0.0 1.0 1.0 1.0 0.0 1.0 0.0 0.0
20190402 1.0 0.0 1.0 1.0 1.0 0.0 1.0 0.0 0.0
20190403 1.0 0.0 1.0 1.0 1.0 0.0 1.0 0.0 0.0
20190404 1.0 0.0 0.0 1.0 1.0 0.0 1.0 0.0 0.0
20190408 1.0 0.0 0.0 1.0 1.0 0.0 1.0 0.0 0.0
20190409 1.0 0.0 0.0 1.0 1.0 0.0 1.0 0.0 0.0
20190410 1.0 0.0 0.0 1.0 1.0 0.0 1.0 0.0 0.0
20190411 1.0 0.0 0.0 1.0 1.0 0.0 1.0 0.0 0.0
20190412 1.0 0.0 0.0 1.0 1.0 0.0 1.0 0.0 0.0
20190415 1.0 0.0 0.0 1.0 1.0 0.0 1.0 0.0 0.0
20190416 1.0 0.0 0.0 1.0 1.0 0.0 1.0 0.0 0.0
20190417 1.0 0.0 0.0 1.0 1.0 0.0 1.0 0.0 0.0
20190418 1.0 0.0 0.0 1.0 1.0 0.0 0.0 0.0 0.0
20190419 1.0 0.0 0.0 1.0 1.0 0.0 0.0 0.0 0.0
20190422 1.0 0.0 0.0 1.0 1.0 0.0 0.0 0.0 0.0
20190423 1.0 0.0 0.0 1.0 1.0 0.0 0.0 0.0 0.0
20190424 1.0 0.0 0.0 1.0 1.0 0.0 0.0 0.0 0.0
20190425 1.0 0.0 0.0 1.0 1.0 0.0 0.0 0.0 0.0
20190426 1.0 0.0 0.0 1.0 1.0 0.0 0.0 0.0 0.0
20190429 1.0 0.0 0.0 1.0 1.0 0.0 0.0 0.0 0.0
20190430 1.0 0.0 0.0 1.0 1.0 0.0 0.0 0.0 0.0
20190506 1.0 0.0 0.0 1.0 1.0 0.0 0.0 0.0 0.0
20190507 1.0 0.0 0.0 1.0 1.0 0.0 0.0 0.0 0.0
20190508 1.0 0.0 0.0 1.0 1.0 0.0 0.0 0.0 0.0
20190509 1.0 0.0 0.0 1.0 1.0 0.0 0.0 0.0 0.0
